100
0 0 0
0 1 0
0 2 0
0 3 0
0 4 0
0 5 0
0 6 0
0 7 0
0 8 0
0 9 0
0 10 0
0 11 0
0 12 0
0 13 0
0 14 0
0 15 0
0 16 0
0 17 0
0 18 0
0 19 0
0 20 0
0 21 0
0 22 0
0 23 0
0 24 0
0 25 0
0 26 0
0 27 0
0 28 0
0 29 0
0 30 0
0 31 0
0 32 0
0 33 0
0 34 0
0 35 0
0 36 0
0 37 0
0 38 0
0 39 0
0 40 0
0 41 0
0 42 0
0 43 0
0 44 0
0 45 0
0 46 0
0 47 0
0 48 0
0 49 0
0 50 0
0 51 0
0 52 0
0 53 0
0 54 0
0 55 0
0 56 0
0 57 0
0 58 0
0 59 0
0 60 0
0 61 0
0 62 0
0 63 0
0 64 0
0 65 0
0 66 0
0 67 0
0 68 0
0 69 0
0 70 0
0 71 0
0 72 0
0 73 0
0 74 0
0 75 0
0 76 0
0 77 0
0 78 0
0 79 0
0 80 0
0 81 0
0 82 0
0 83 0
0 84 0
0 85 0
0 86 0
0 87 0
0 88 0
0 89 0
0 90 0
0 91 0
0 92 0
0 93 0
0 94 0
0 95 0
0 96 0
0 97 0
0 98 0
0 99 0
1 0 6
1 1 2
1 2 3
1 3 6
1 4 1
1 5 0
1 6 2
1 7 7
1 8 7
1 9 8
1 10 8
1 11 4
1 12 3
1 13 2
1 14 2
1 15 5
1 16 7
1 17 0
1 18 8
1 19 3
1 20 7
1 21 4
1 22 7
1 23 2
1 24 2
1 25 7
1 26 8
1 27 3
1 28 1
1 29 7
1 30 6
1 31 0
1 32 3
1 33 7
1 34 4
1 35 3
1 36 6
1 37 8
1 38 2
1 39 6
1 40 3
1 41 4
1 42 2
1 43 5
1 44 1
1 45 3
1 46 2
1 47 8
1 48 8
1 49 4
1 50 0
1 51 5
1 52 9
1 53 6
1 54 0
1 55 2
1 56 0
1 57 0
1 58 7
1 59 1
1 60 0
1 61 3
1 62 3
1 63 4
1 64 1
1 65 9
1 66 0
1 67 2
1 68 4
1 69 6
1 70 8
1 71 4
1 72 5
1 73 9
1 74 1
1 75 3
1 76 2
1 77 6
1 78 3
1 79 0
1 80 9
1 81 3
1 82 8
1 83 1
1 84 8
1 85 9
1 86 8
1 87 6
1 88 3
1 89 7
1 90 9
1 91 0
1 92 0
1 93 2
1 94 0
1 95 7
1 96 0
1 97 8
1 98 5
1 99 8
2 0 8
2 1 4
2 2 4
2 3 5
2 4 2
2 5 8
2 6 8
2 7 1
2 8 4
2 9 6
2 10 3
2 11 7
2 12 5
2 13 1
2 14 8
2 15 9
2 16 0
2 17 5
2 18 5
2 19 5
2 20 9
2 21 6
2 22 3
2 23 0
2 24 7
2 25 0
2 26 2
2 27 3
2 28 2
2 29 2
2 30 6
2 31 5
2 32 4
2 33 7
2 34 0
2 35 4
2 36 0
2 37 0
2 38 1
2 39 0
2 40 0
2 41 2
2 42 6
2 43 0
2 44 0
2 45 4
2 46 3
2 47 5
2 48 4
2 49 5
2 50 1
2 51 5
2 52 2
2 53 6
2 54 6
2 55 8
2 56 3
2 57 6
2 58 7
2 59 8
2 60 4
2 61 2
2 62 0
2 63 8
2 64 7
2 65 9
2 66 3
2 67 4
2 68 3
2 69 6
2 70 7
2 71 0
2 72 5
2 73 7
2 74 5
2 75 2
2 76 3
2 77 2
2 78 7
2 79 2
2 80 5
2 81 6
2 82 2
2 83 5
2 84 1
2 85 6
2 86 7
2 87 2
2 88 1
2 89 5
2 90 9
2 91 9
2 92 2
2 93 8
2 94 1
2 95 7
2 96 0
2 97 6
2 98 8
2 99 6
3 0 7
3 1 6
3 2 0
3 3 3
3 4 1
3 5 3
3 6 1
3 7 1
3 8 5
3 9 3
3 10 4
3 11 5
3 12 7
3 13 4
3 14 4
3 15 5
3 16 3
3 17 4
3 18 6
3 19 0
3 20 9
3 21 0
3 22 6
3 23 4
3 24 2
3 25 7
3 26 8
3 27 4
3 28 8
3 29 5
3 30 9
3 31 5
3 32 5
3 33 3
3 34 2
3 35 2
3 36 8
3 37 6
3 38 1
3 39 5
3 40 6
3 41 5
3 42 0
3 43 4
3 44 5
3 45 5
3 46 6
3 47 7
3 48 6
3 49 9
3 50 7
3 51 5
3 52 0
3 53 1
3 54 2
3 55 4
3 56 5
3 57 3
3 58 9
3 59 6
3 60 0
3 61 4
3 62 4
3 63 2
3 64 8
3 65 3
3 66 8
3 67 1
3 68 7
3 69 4
3 70 2
3 71 1
3 72 2
3 73 2
3 74 3
3 75 5
3 76 0
3 77 4
3 78 3
3 79 6
3 80 3
3 81 0
3 82 8
3 83 8
3 84 6
3 85 2
3 86 1
3 87 1
3 88 8
3 89 2
3 90 7
3 91 3
3 92 6
3 93 3
3 94 9
3 95 6
3 96 8
3 97 7
3 98 1
3 99 7
4 0 5
4 1 6
4 2 8
4 3 8
4 4 5
4 5 9
4 6 2
4 7 5
4 8 8
4 9 9
4 10 3
4 11 2
4 12 1
4 13 7
4 14 7
4 15 0
4 16 3
4 17 8
4 18 0
4 19 8
4 20 6
4 21 7
4 22 2
4 23 5
4 24 7
4 25 0
4 26 7
4 27 2
4 28 7
4 29 5
4 30 0
4 31 2
4 32 7
4 33 6
4 34 9
4 35 7
4 36 2
4 37 8
4 38 5
4 39 3
4 40 9
4 41 2
4 42 2
4 43 3
4 44 1
4 45 7
4 46 4
4 47 9
4 48 2
4 49 0
4 50 9
4 51 0
4 52 9
4 53 3
4 54 6
4 55 0
4 56 6
4 57 9
4 58 1
4 59 4
4 60 7
4 61 1
4 62 5
4 63 4
4 64 5
4 65 1
4 66 9
4 67 4
4 68 7
4 69 5
4 70 0
4 71 7
4 72 0
4 73 7
4 74 6
4 75 8
4 76 1
4 77 6
4 78 7
4 79 9
4 80 4
4 81 3
4 82 1
4 83 6
4 84 5
4 85 6
4 86 2
4 87 6
4 88 3
4 89 8
4 90 6
4 91 3
4 92 4
4 93 2
4 94 2
4 95 6
4 96 3
4 97 6
4 98 4
4 99 0
5 0 2
5 1 8
5 2 6
5 3 6
5 4 4
5 5 3
5 6 1
5 7 4
5 8 2
5 9 2
5 10 7
5 11 0
5 12 2
5 13 4
5 14 4
5 15 1
5 16 8
5 17 8
5 18 2
5 19 6
5 20 1
5 21 3
5 22 6
5 23 3
5 24 6
5 25 2
5 26 1
5 27 5
5 28 5
5 29 4
5 30 4
5 31 0
5 32 4
5 33 6
5 34 1
5 35 0
5 36 4
5 37 0
5 38 4
5 39 5
5 40 1
5 41 1
5 42 5
5 43 1
5 44 1
5 45 3
5 46 0
5 47 1
5 48 1
5 49 9
5 50 9
5 51 2
5 52 4
5 53 1
5 54 2
5 55 3
5 56 2
5 57 4
5 58 6
5 59 2
5 60 0
5 61 1
5 62 3
5 63 3
5 64 8
5 65 9
5 66 2
5 67 5
5 68 3
5 69 9
5 70 8
5 71 4
5 72 4
5 73 6
5 74 9
5 75 8
5 76 0
5 77 2
5 78 7
5 79 3
5 80 0
5 81 8
5 82 0
5 83 7
5 84 2
5 85 1
5 86 4
5 87 0
5 88 0
5 89 6
5 90 6
5 91 4
5 92 6
5 93 2
5 94 2
5 95 8
5 96 4
5 97 8
5 98 3
5 99 2
6 0 9
6 1 6
6 2 2
6 3 0
6 4 8
6 5 7
6 6 2
6 7 0
6 8 7
6 9 6
6 10 8
6 11 8
6 12 5
6 13 4
6 14 9
6 15 6
6 16 1
6 17 8
6 18 5
6 19 1
6 20 6
6 21 1
6 22 4
6 23 9
6 24 8
6 25 6
6 26 1
6 27 4
6 28 0
6 29 4
6 30 8
6 31 3
6 32 3
6 33 9
6 34 5
6 35 1
6 36 0
6 37 9
6 38 2
6 39 2
6 40 4
6 41 3
6 42 6
6 43 5
6 44 5
6 45 8
6 46 1
6 47 9
6 48 6
6 49 4
6 50 6
6 51 0
6 52 0
6 53 7
6 54 1
6 55 2
6 56 5
6 57 0
6 58 9
6 59 3
6 60 4
6 61 7
6 62 1
6 63 4
6 64 0
6 65 8
6 66 9
6 67 5
6 68 8
6 69 7
6 70 2
6 71 8
6 72 9
6 73 1
6 74 4
6 75 0
6 76 5
6 77 0
6 78 5
6 79 6
6 80 0
6 81 3
6 82 7
6 83 9
6 84 1
6 85 5
6 86 0
6 87 6
6 88 6
6 89 0
6 90 7
6 91 0
6 92 8
6 93 7
6 94 0
6 95 3
6 96 6
6 97 2
6 98 0
6 99 4
7 0 5
7 1 9
7 2 7
7 3 6
7 4 7
7 5 7
7 6 3
7 7 7
7 8 0
7 9 8
7 10 2
7 11 2
7 12 7
7 13 5
7 14 3
7 15 7
7 16 1
7 17 8
7 18 4
7 19 5
7 20 1
7 21 5
7 22 4
7 23 1
7 24 0
7 25 0
7 26 0
7 27 3
7 28 7
7 29 8
7 30 0
7 31 5
7 32 6
7 33 7
7 34 4
7 35 8
7 36 3
7 37 3
7 38 1
7 39 7
7 40 1
7 41 4
7 42 7
7 43 3
7 44 8
7 45 7
7 46 6
7 47 3
7 48 4
7 49 0
7 50 8
7 51 5
7 52 5
7 53 1
7 54 7
7 55 4
7 56 9
7 57 8
7 58 7
7 59 1
7 60 5
7 61 1
7 62 3
7 63 1
7 64 3
7 65 3
7 66 2
7 67 8
7 68 0
7 69 2
7 70 6
7 71 6
7 72 7
7 73 6
7 74 4
7 75 2
7 76 2
7 77 7
7 78 4
7 79 5
7 80 0
7 81 7
7 82 8
7 83 7
7 84 8
7 85 4
7 86 1
7 87 6
7 88 3
7 89 0
7 90 1
7 91 6
7 92 9
7 93 8
7 94 0
7 95 3
7 96 6
7 97 7
7 98 7
7 99 1
8 0 1
8 1 1
8 2 5
8 3 1
8 4 7
8 5 5
8 6 4
8 7 5
8 8 3
8 9 9
8 10 1
8 11 4
8 12 9
8 13 0
8 14 0
8 15 1
8 16 7
8 17 8
8 18 9
8 19 0
8 20 3
8 21 4
8 22 9
8 23 7
8 24 2
8 25 6
8 26 5
8 27 2
8 28 1
8 29 4
8 30 0
8 31 4
8 32 2
8 33 4
8 34 7
8 35 1
8 36 4
8 37 9
8 38 3
8 39 3
8 40 4
8 41 5
8 42 3
8 43 0
8 44 3
8 45 3
8 46 7
8 47 3
8 48 1
8 49 8
8 50 8
8 51 2
8 52 9
8 53 4
8 54 1
8 55 0
8 56 3
8 57 9
8 58 9
8 59 6
8 60 0
8 61 2
8 62 3
8 63 4
8 64 0
8 65 1
8 66 7
8 67 0
8 68 6
8 69 1
8 70 5
8 71 8
8 72 8
8 73 3
8 74 5
8 75 3
8 76 2
8 77 0
8 78 8
8 79 6
8 80 0
8 81 9
8 82 4
8 83 4
8 84 2
8 85 4
8 86 7
8 87 7
8 88 9
8 89 9
8 90 2
8 91 9
8 92 4
8 93 3
8 94 2
8 95 6
8 96 9
8 97 4
8 98 8
8 99 0
9 0 1
9 1 5
9 2 7
9 3 4
9 4 7
9 5 6
9 6 2
9 7 1
9 8 0
9 9 1
9 10 1
9 11 9
9 12 4
9 13 9
9 14 3
9 15 5
9 16 1
9 17 8
9 18 2
9 19 3
9 20 4
9 21 9
9 22 5
9 23 1
9 24 5
9 25 3
9 26 1
9 27 7
9 28 3
9 29 1
9 30 8
9 31 1
9 32 5
9 33 8
9 34 5
9 35 6
9 36 1
9 37 9
9 38 7
9 39 9
9 40 1
9 41 9
9 42 0
9 43 7
9 44 3
9 45 7
9 46 5
9 47 5
9 48 0
9 49 3
9 50 3
9 51 3
9 52 6
9 53 3
9 54 7
9 55 0
9 56 5
9 57 0
9 58 1
9 59 8
9 60 6
9 61 8
9 62 6
9 63 9
9 64 2
9 65 3
9 66 6
9 67 8
9 68 9
9 69 4
9 70 9
9 71 1
9 72 7
9 73 2
9 74 0
9 75 3
9 76 5
9 77 1
9 78 0
9 79 7
9 80 3
9 81 4
9 82 1
9 83 5
9 84 8
9 85 7
9 86 8
9 87 5
9 88 4
9 89 0
9 90 3
9 91 3
9 92 4
9 93 2
9 94 3
9 95 9
9 96 7
9 97 4
9 98 7
9 99 6
10 0 3
10 1 5
10 2 1
10 3 1
10 4 6
10 5 0
10 6 1
10 7 1
10 8 0
10 9 7
10 10 6
10 11 5
10 12 3
10 13 1
10 14 5
10 15 7
10 16 3
10 17 0
10 18 4
10 19 6
10 20 5
10 21 9
10 22 6
10 23 6
10 24 9
10 25 2
10 26 6
10 27 4
10 28 1
10 29 7
10 30 2
10 31 8
10 32 6
10 33 0
10 34 5
10 35 3
10 36 1
10 37 6
10 38 6
10 39 7
10 40 6
10 41 0
10 42 9
10 43 4
10 44 4
10 45 7
10 46 7
10 47 1
10 48 1
10 49 9
10 50 7
10 51 9
10 52 4
10 53 2
10 54 5
10 55 7
10 56 2
10 57 6
10 58 4
10 59 2
10 60 7
10 61 6
10 62 8
10 63 6
10 64 9
10 65 0
10 66 7
10 67 1
10 68 8
10 69 2
10 70 1
10 71 5
10 72 2
10 73 2
10 74 1
10 75 5
10 76 4
10 77 0
10 78 1
10 79 1
10 80 2
10 81 1
10 82 8
10 83 1
10 84 1
10 85 3
10 86 6
10 87 7
10 88 4
10 89 2
10 90 4
10 91 1
10 92 4
10 93 3
10 94 5
10 95 1
10 96 7
10 97 3
10 98 4
10 99 3
11 0 4
11 1 2
11 2 9
11 3 1
11 4 2
11 5 5
11 6 2
11 7 9
11 8 2
11 9 2
11 10 3
11 11 4
11 12 8
11 13 8
11 14 8
11 15 4
11 16 7
11 17 1
11 18 3
11 19 9
11 20 6
11 21 0
11 22 4
11 23 8
11 24 6
11 25 7
11 26 0
11 27 8
11 28 7
11 29 5
11 30 5
11 31 5
11 32 7
11 33 4
11 34 4
11 35 7
11 36 6
11 37 2
11 38 5
11 39 0
11 40 8
11 41 8
11 42 5
11 43 0
11 44 7
11 45 1
11 46 7
11 47 2
11 48 8
11 49 6
11 50 3
11 51 4
11 52 6
11 53 4
11 54 5
11 55 3
11 56 7
11 57 8
11 58 7
11 59 6
11 60 9
11 61 1
11 62 5
11 63 1
11 64 8
11 65 1
11 66 1
11 67 1
11 68 2
11 69 3
11 70 8
11 71 4
11 72 0
11 73 7
11 74 2
11 75 2
11 76 1
11 77 8
11 78 6
11 79 9
11 80 6
11 81 9
11 82 9
11 83 1
11 84 6
11 85 2
11 86 6
11 87 0
11 88 2
11 89 3
11 90 0
11 91 0
11 92 4
11 93 3
11 94 8
11 95 3
11 96 1
11 97 3
11 98 0
11 99 0
12 0 9
12 1 5
12 2 7
12 3 9
12 4 4
12 5 0
12 6 8
12 7 0
12 8 9
12 9 1
12 10 0
12 11 3
12 12 1
12 13 2
12 14 2
12 15 6
12 16 5
12 17 1
12 18 2
12 19 4
12 20 5
12 21 4
12 22 6
12 23 4
12 24 7
12 25 5
12 26 5
12 27 5
12 28 7
12 29 5
12 30 9
12 31 1
12 32 3
12 33 7
12 34 6
12 35 0
12 36 6
12 37 7
12 38 8
12 39 4
12 40 9
12 41 1
12 42 1
12 43 7
12 44 7
12 45 6
12 46 9
12 47 7
12 48 3
12 49 2
12 50 7
12 51 6
12 52 0
12 53 9
12 54 5
12 55 8
12 56 8
12 57 3
12 58 0
12 59 5
12 60 7
12 61 8
12 62 8
12 63 0
12 64 8
12 65 0
12 66 7
12 67 8
12 68 3
12 69 7
12 70 3
12 71 5
12 72 0
12 73 1
12 74 0
12 75 3
12 76 4
12 77 6
12 78 4
12 79 0
12 80 2
12 81 5
12 82 4
12 83 6
12 84 9
12 85 5
12 86 7
12 87 8
12 88 4
12 89 8
12 90 5
12 91 9
12 92 3
12 93 5
12 94 8
12 95 9
12 96 5
12 97 9
12 98 9
12 99 1
13 0 2
13 1 2
13 2 4
13 3 0
13 4 5
13 5 3
13 6 8
13 7 2
13 8 4
13 9 6
13 10 4
13 11 5
13 12 5
13 13 2
13 14 3
13 15 1
13 16 9
13 17 5
13 18 6
13 19 6
13 20 9
13 21 0
13 22 7
13 23 6
13 24 8
13 25 9
13 26 2
13 27 0
13 28 6
13 29 0
13 30 9
13 31 7
13 32 8
13 33 2
13 34 1
13 35 3
13 36 9
13 37 6
13 38 5
13 39 3
13 40 0
13 41 1
13 42 2
13 43 1
13 44 0
13 45 0
13 46 8
13 47 8
13 48 1
13 49 4
13 50 2
13 51 5
13 52 8
13 53 8
13 54 4
13 55 7
13 56 0
13 57 1
13 58 2
13 59 3
13 60 5
13 61 1
13 62 8
13 63 3
13 64 4
13 65 0
13 66 2
13 67 1
13 68 2
13 69 3
13 70 9
13 71 5
13 72 6
13 73 1
13 74 8
13 75 6
13 76 9
13 77 0
13 78 5
13 79 1
13 80 1
13 81 4
13 82 4
13 83 7
13 84 1
13 85 6
13 86 2
13 87 3
13 88 3
13 89 4
13 90 3
13 91 2
13 92 1
13 93 9
13 94 5
13 95 1
13 96 8
13 97 0
13 98 2
13 99 2
14 0 3
14 1 6
14 2 7
14 3 3
14 4 5
14 5 2
14 6 4
14 7 7
14 8 0
14 9 3
14 10 3
14 11 9
14 12 3
14 13 1
14 14 0
14 15 9
14 16 4
14 17 9
14 18 9
14 19 3
14 20 5
14 21 8
14 22 5
14 23 4
14 24 2
14 25 9
14 26 8
14 27 9
14 28 7
14 29 0
14 30 2
14 31 3
14 32 0
14 33 6
14 34 6
14 35 9
14 36 6
14 37 1
14 38 0
14 39 1
14 40 7
14 41 8
14 42 9
14 43 8
14 44 5
14 45 7
14 46 0
14 47 8
14 48 9
14 49 5
14 50 7
14 51 5
14 52 6
14 53 2
14 54 6
14 55 6
14 56 1
14 57 8
14 58 8
14 59 8
14 60 7
14 61 4
14 62 2
14 63 8
14 64 2
14 65 1
14 66 0
14 67 4
14 68 6
14 69 7
14 70 9
14 71 6
14 72 4
14 73 6
14 74 5
14 75 0
14 76 0
14 77 5
14 78 1
14 79 1
14 80 2
14 81 4
14 82 7
14 83 6
14 84 6
14 85 4
14 86 0
14 87 9
14 88 8
14 89 0
14 90 8
14 91 5
14 92 2
14 93 0
14 94 1
14 95 8
14 96 8
14 97 3
14 98 6
14 99 1
15 0 7
15 1 0
15 2 8
15 3 6
15 4 1
15 5 8
15 6 3
15 7 8
15 8 8
15 9 1
15 10 4
15 11 8
15 12 1
15 13 8
15 14 1
15 15 2
15 16 5
15 17 4
15 18 1
15 19 3
15 20 3
15 21 4
15 22 6
15 23 6
15 24 1
15 25 9
15 26 7
15 27 1
15 28 5
15 29 1
15 30 3
15 31 3
15 32 0
15 33 6
15 34 8
15 35 3
15 36 1
15 37 6
15 38 2
15 39 2
15 40 3
15 41 6
15 42 2
15 43 3
15 44 2
15 45 3
15 46 0
15 47 5
15 48 5
15 49 2
15 50 2
15 51 3
15 52 6
15 53 8
15 54 0
15 55 9
15 56 5
15 57 2
15 58 9
15 59 3
15 60 4
15 61 4
15 62 7
15 63 1
15 64 8
15 65 1
15 66 1
15 67 9
15 68 4
15 69 0
15 70 9
15 71 2
15 72 1
15 73 5
15 74 4
15 75 2
15 76 5
15 77 3
15 78 0
15 79 1
15 80 0
15 81 6
15 82 9
15 83 9
15 84 1
15 85 4
15 86 1
15 87 9
15 88 0
15 89 9
15 90 1
15 91 1
15 92 2
15 93 8
15 94 4
15 95 9
15 96 3
15 97 5
15 98 0
15 99 5
16 0 8
16 1 8
16 2 4
16 3 3
16 4 4
16 5 0
16 6 0
16 7 4
16 8 1
16 9 9
16 10 7
16 11 8
16 12 0
16 13 3
16 14 6
16 15 9
16 16 1
16 17 2
16 18 8
16 19 5
16 20 6
16 21 4
16 22 4
16 23 7
16 24 7
16 25 0
16 26 8
16 27 5
16 28 7
16 29 3
16 30 7
16 31 7
16 32 6
16 33 6
16 34 2
16 35 4
16 36 2
16 37 6
16 38 5
16 39 0
16 40 0
16 41 8
16 42 5
16 43 5
16 44 5
16 45 7
16 46 6
16 47 3
16 48 1
16 49 3
16 50 5
16 51 4
16 52 5
16 53 0
16 54 0
16 55 4
16 56 8
16 57 7
16 58 2
16 59 1
16 60 0
16 61 9
16 62 7
16 63 9
16 64 6
16 65 6
16 66 4
16 67 4
16 68 0
16 69 1
16 70 5
16 71 9
16 72 4
16 73 6
16 74 0
16 75 8
16 76 2
16 77 7
16 78 2
16 79 9
16 80 5
16 81 1
16 82 7
16 83 9
16 84 0
16 85 5
16 86 7
16 87 5
16 88 7
16 89 2
16 90 7
16 91 9
16 92 1
16 93 8
16 94 6
16 95 3
16 96 8
16 97 8
16 98 7
16 99 3
17 0 3
17 1 5
17 2 9
17 3 2
17 4 1
17 5 1
17 6 2
17 7 4
17 8 3
17 9 6
17 10 5
17 11 8
17 12 0
17 13 7
17 14 9
17 15 7
17 16 4
17 17 5
17 18 8
17 19 3
17 20 9
17 21 6
17 22 3
17 23 5
17 24 0
17 25 0
17 26 4
17 27 9
17 28 3
17 29 4
17 30 4
17 31 6
17 32 7
17 33 5
17 34 6
17 35 5
17 36 0
17 37 4
17 38 9
17 39 9
17 40 7
17 41 5
17 42 9
17 43 8
17 44 1
17 45 3
17 46 3
17 47 1
17 48 1
17 49 7
17 50 1
17 51 7
17 52 4
17 53 3
17 54 1
17 55 3
17 56 9
17 57 8
17 58 2
17 59 1
17 60 5
17 61 5
17 62 6
17 63 8
17 64 1
17 65 7
17 66 2
17 67 7
17 68 3
17 69 4
17 70 0
17 71 8
17 72 8
17 73 0
17 74 4
17 75 6
17 76 7
17 77 0
17 78 8
17 79 1
17 80 9
17 81 9
17 82 5
17 83 5
17 84 2
17 85 4
17 86 6
17 87 5
17 88 3
17 89 1
17 90 0
17 91 0
17 92 1
17 93 0
17 94 5
17 95 5
17 96 4
17 97 0
17 98 5
17 99 6
18 0 4
18 1 5
18 2 3
18 3 2
18 4 2
18 5 7
18 6 5
18 7 2
18 8 9
18 9 8
18 10 0
18 11 4
18 12 9
18 13 7
18 14 3
18 15 6
18 16 4
18 17 6
18 18 6
18 19 3
18 20 7
18 21 2
18 22 7
18 23 5
18 24 1
18 25 9
18 26 6
18 27 9
18 28 1
18 29 3
18 30 4
18 31 4
18 32 6
18 33 9
18 34 1
18 35 8
18 36 5
18 37 5
18 38 3
18 39 9
18 40 9
18 41 4
18 42 3
18 43 0
18 44 9
18 45 9
18 46 0
18 47 0
18 48 7
18 49 3
18 50 2
18 51 0
18 52 9
18 53 6
18 54 4
18 55 0
18 56 5
18 57 4
18 58 8
18 59 1
18 60 6
18 61 9
18 62 9
18 63 1
18 64 4
18 65 3
18 66 5
18 67 2
18 68 4
18 69 1
18 70 7
18 71 5
18 72 7
18 73 8
18 74 1
18 75 6
18 76 0
18 77 6
18 78 8
18 79 8
18 80 3
18 81 3
18 82 3
18 83 4
18 84 6
18 85 9
18 86 2
18 87 3
18 88 4
18 89 1
18 90 6
18 91 3
18 92 6
18 93 0
18 94 0
18 95 7
18 96 9
18 97 8
18 98 8
18 99 8
19 0 5
19 1 9
19 2 0
19 3 8
19 4 3
19 5 2
19 6 2
19 7 7
19 8 0
19 9 5
19 10 5
19 11 6
19 12 9
19 13 9
19 14 3
19 15 8
19 16 8
19 17 5
19 18 6
19 19 8
19 20 2
19 21 4
19 22 1
19 23 4
19 24 1
19 25 8
19 26 5
19 27 8
19 28 3
19 29 5
19 30 0
19 31 7
19 32 3
19 33 5
19 34 2
19 35 4
19 36 6
19 37 1
19 38 7
19 39 4
19 40 5
19 41 2
19 42 3
19 43 8
19 44 1
19 45 1
19 46 0
19 47 6
19 48 8
19 49 0
19 50 8
19 51 5
19 52 8
19 53 9
19 54 7
19 55 4
19 56 5
19 57 5
19 58 6
19 59 2
19 60 1
19 61 7
19 62 7
19 63 4
19 64 7
19 65 5
19 66 0
19 67 5
19 68 5
19 69 2
19 70 2
19 71 2
19 72 4
19 73 2
19 74 8
19 75 5
19 76 7
19 77 5
19 78 4
19 79 5
19 80 7
19 81 8
19 82 5
19 83 9
19 84 3
19 85 0
19 86 9
19 87 8
19 88 9
19 89 3
19 90 8
19 91 7
19 92 2
19 93 5
19 94 2
19 95 1
19 96 8
19 97 8
19 98 0
19 99 5
20 0 6
20 1 8
20 2 4
20 3 3
20 4 7
20 5 4
20 6 6
20 7 7
20 8 6
20 9 0
20 10 1
20 11 3
20 12 6
20 13 9
20 14 3
20 15 8
20 16 7
20 17 4
20 18 3
20 19 7
20 20 7
20 21 4
20 22 0
20 23 3
20 24 1
20 25 1
20 26 0
20 27 0
20 28 6
20 29 9
20 30 2
20 31 9
20 32 6
20 33 4
20 34 5
20 35 6
20 36 0
20 37 5
20 38 1
20 39 3
20 40 1
20 41 0
20 42 6
20 43 1
20 44 2
20 45 7
20 46 8
20 47 5
20 48 6
20 49 7
20 50 1
20 51 2
20 52 4
20 53 7
20 54 5
20 55 7
20 56 8
20 57 2
20 58 4
20 59 1
20 60 3
20 61 5
20 62 0
20 63 5
20 64 6
20 65 1
20 66 5
20 67 8
20 68 2
20 69 8
20 70 9
20 71 7
20 72 8
20 73 6
20 74 2
20 75 8
20 76 1
20 77 5
20 78 9
20 79 6
20 80 2
20 81 4
20 82 4
20 83 5
20 84 1
20 85 7
20 86 0
20 87 0
20 88 6
20 89 7
20 90 3
20 91 8
20 92 5
20 93 4
20 94 7
20 95 1
20 96 5
20 97 7
20 98 8
20 99 0
21 0 2
21 1 4
21 2 8
21 3 8
21 4 4
21 5 4
21 6 2
21 7 5
21 8 6
21 9 8
21 10 3
21 11 5
21 12 1
21 13 4
21 14 3
21 15 2
21 16 9
21 17 2
21 18 2
21 19 3
21 20 3
21 21 3
21 22 0
21 23 6
21 24 4
21 25 0
21 26 4
21 27 9
21 28 5
21 29 0
21 30 6
21 31 7
21 32 1
21 33 3
21 34 5
21 35 9
21 36 3
21 37 4
21 38 5
21 39 9
21 40 5
21 41 4
21 42 8
21 43 4
21 44 3
21 45 5
21 46 6
21 47 6
21 48 5
21 49 5
21 50 5
21 51 2
21 52 7
21 53 1
21 54 4
21 55 5
21 56 8
21 57 1
21 58 2
21 59 0
21 60 3
21 61 3
21 62 3
21 63 7
21 64 7
21 65 1
21 66 5
21 67 9
21 68 0
21 69 8
21 70 0
21 71 3
21 72 5
21 73 0
21 74 0
21 75 8
21 76 5
21 77 6
21 78 4
21 79 2
21 80 7
21 81 4
21 82 8
21 83 2
21 84 3
21 85 8
21 86 9
21 87 2
21 88 2
21 89 0
21 90 9
21 91 8
21 92 7
21 93 6
21 94 8
21 95 1
21 96 1
21 97 4
21 98 2
21 99 0
22 0 8
22 1 6
22 2 3
22 3 9
22 4 3
22 5 9
22 6 3
22 7 1
22 8 1
22 9 5
22 10 6
22 11 0
22 12 0
22 13 5
22 14 1
22 15 1
22 16 7
22 17 3
22 18 4
22 19 3
22 20 5
22 21 2
22 22 4
22 23 3
22 24 9
22 25 7
22 26 4
22 27 7
22 28 5
22 29 8
22 30 0
22 31 2
22 32 0
22 33 3
22 34 7
22 35 5
22 36 1
22 37 0
22 38 9
22 39 6
22 40 5
22 41 9
22 42 6
22 43 4
22 44 9
22 45 2
22 46 5
22 47 0
22 48 8
22 49 4
22 50 6
22 51 7
22 52 2
22 53 5
22 54 5
22 55 3
22 56 2
22 57 1
22 58 4
22 59 6
22 60 3
22 61 7
22 62 3
22 63 8
22 64 3
22 65 6
22 66 8
22 67 8
22 68 4
22 69 3
22 70 1
22 71 7
22 72 6
22 73 2
22 74 5
22 75 5
22 76 8
22 77 2
22 78 2
22 79 8
22 80 9
22 81 9
22 82 5
22 83 3
22 84 9
22 85 7
22 86 8
22 87 7
22 88 3
22 89 3
22 90 7
22 91 3
22 92 8
22 93 3
22 94 9
22 95 3
22 96 8
22 97 7
22 98 3
22 99 1
23 0 1
23 1 1
23 2 2
23 3 1
23 4 1
23 5 4
23 6 3
23 7 4
23 8 7
23 9 8
23 10 6
23 11 9
23 12 8
23 13 6
23 14 5
23 15 3
23 16 7
23 17 8
23 18 4
23 19 4
23 20 8
23 21 3
23 22 9
23 23 6
23 24 4
23 25 7
23 26 6
23 27 9
23 28 6
23 29 1
23 30 5
23 31 1
23 32 5
23 33 9
23 34 3
23 35 8
23 36 0
23 37 6
23 38 5
23 39 3
23 40 1
23 41 7
23 42 0
23 43 9
23 44 4
23 45 1
23 46 8
23 47 0
23 48 2
23 49 2
23 50 6
23 51 1
23 52 9
23 53 7
23 54 1
23 55 8
23 56 8
23 57 7
23 58 9
23 59 8
23 60 2
23 61 1
23 62 7
23 63 4
23 64 3
23 65 6
23 66 6
23 67 0
23 68 4
23 69 9
23 70 0
23 71 0
23 72 6
23 73 2
23 74 7
23 75 2
23 76 8
23 77 0
23 78 1
23 79 4
23 80 1
23 81 8
23 82 8
23 83 7
23 84 4
23 85 4
23 86 9
23 87 9
23 88 1
23 89 6
23 90 3
23 91 6
23 92 0
23 93 0
23 94 9
23 95 8
23 96 3
23 97 5
23 98 4
23 99 0
24 0 8
24 1 3
24 2 9
24 3 7
24 4 9
24 5 1
24 6 2
24 7 5
24 8 3
24 9 7
24 10 5
24 11 4
24 12 0
24 13 4
24 14 4
24 15 6
24 16 0
24 17 9
24 18 4
24 19 1
24 20 1
24 21 6
24 22 4
24 23 0
24 24 9
24 25 4
24 26 9
24 27 7
24 28 7
24 29 9
24 30 1
24 31 8
24 32 5
24 33 9
24 34 1
24 35 2
24 36 2
24 37 2
24 38 4
24 39 2
24 40 1
24 41 0
24 42 6
24 43 1
24 44 1
24 45 3
24 46 2
24 47 6
24 48 6
24 49 3
24 50 8
24 51 9
24 52 8
24 53 5
24 54 7
24 55 1
24 56 1
24 57 7
24 58 2
24 59 4
24 60 6
24 61 0
24 62 1
24 63 1
24 64 7
24 65 7
24 66 9
24 67 8
24 68 2
24 69 8
24 70 8
24 71 6
24 72 2
24 73 7
24 74 4
24 75 3
24 76 7
24 77 0
24 78 5
24 79 8
24 80 2
24 81 5
24 82 3
24 83 5
24 84 6
24 85 7
24 86 5
24 87 3
24 88 0
24 89 5
24 90 2
24 91 4
24 92 6
24 93 8
24 94 9
24 95 4
24 96 2
24 97 9
24 98 2
24 99 1
25 0 0
25 1 5
25 2 1
25 3 5
25 4 9
25 5 6
25 6 1
25 7 3
25 8 9
25 9 9
25 10 7
25 11 7
25 12 8
25 13 8
25 14 3
25 15 7
25 16 4
25 17 8
25 18 6
25 19 5
25 20 8
25 21 5
25 22 4
25 23 4
25 24 8
25 25 2
25 26 3
25 27 3
25 28 6
25 29 4
25 30 5
25 31 3
25 32 5
25 33 2
25 34 6
25 35 7
25 36 7
25 37 2
25 38 5
25 39 1
25 40 7
25 41 1
25 42 4
25 43 9
25 44 7
25 45 6
25 46 4
25 47 3
25 48 6
25 49 5
25 50 0
25 51 9
25 52 5
25 53 0
25 54 3
25 55 3
25 56 0
25 57 1
25 58 4
25 59 9
25 60 5
25 61 6
25 62 5
25 63 0
25 64 6
25 65 9
25 66 4
25 67 1
25 68 4
25 69 0
25 70 2
25 71 7
25 72 3
25 73 3
25 74 5
25 75 6
25 76 0
25 77 8
25 78 4
25 79 8
25 80 3
25 81 1
25 82 4
25 83 2
25 84 3
25 85 4
25 86 0
25 87 0
25 88 1
25 89 4
25 90 1
25 91 1
25 92 2
25 93 6
25 94 7
25 95 6
25 96 2
25 97 5
25 98 5
25 99 5
26 0 7
26 1 2
26 2 6
26 3 5
26 4 1
26 5 8
26 6 0
26 7 9
26 8 1
26 9 5
26 10 2
26 11 3
26 12 7
26 13 3
26 14 1
26 15 9
26 16 3
26 17 0
26 18 9
26 19 8
26 20 0
26 21 6
26 22 8
26 23 3
26 24 6
26 25 7
26 26 8
26 27 4
26 28 3
26 29 4
26 30 2
26 31 5
26 32 6
26 33 2
26 34 6
26 35 1
26 36 7
26 37 5
26 38 4
26 39 5
26 40 9
26 41 1
26 42 3
26 43 2
26 44 6
26 45 3
26 46 9
26 47 2
26 48 8
26 49 6
26 50 5
26 51 6
26 52 1
26 53 9
26 54 1
26 55 9
26 56 3
26 57 0
26 58 1
26 59 2
26 60 9
26 61 1
26 62 4
26 63 9
26 64 7
26 65 7
26 66 1
26 67 9
26 68 7
26 69 2
26 70 3
26 71 7
26 72 2
26 73 0
26 74 6
26 75 5
26 76 5
26 77 3
26 78 6
26 79 0
26 80 0
26 81 7
26 82 5
26 83 7
26 84 3
26 85 6
26 86 3
26 87 9
26 88 8
26 89 6
26 90 0
26 91 0
26 92 0
26 93 8
26 94 5
26 95 3
26 96 0
26 97 7
26 98 8
26 99 5
27 0 8
27 1 6
27 2 9
27 3 8
27 4 6
27 5 3
27 6 4
27 7 5
27 8 4
27 9 1
27 10 6
27 11 6
27 12 6
27 13 0
27 14 4
27 15 8
27 16 4
27 17 9
27 18 5
27 19 6
27 20 4
27 21 1
27 22 7
27 23 7
27 24 0
27 25 5
27 26 6
27 27 9
27 28 4
27 29 6
27 30 8
27 31 3
27 32 1
27 33 8
27 34 5
27 35 3
27 36 8
27 37 5
27 38 3
27 39 1
27 40 8
27 41 6
27 42 6
27 43 3
27 44 2
27 45 9
27 46 1
27 47 2
27 48 7
27 49 3
27 50 2
27 51 2
27 52 6
27 53 0
27 54 0
27 55 3
27 56 8
27 57 8
27 58 4
27 59 5
27 60 7
27 61 2
27 62 2
27 63 3
27 64 5
27 65 6
27 66 2
27 67 8
27 68 5
27 69 9
27 70 9
27 71 0
27 72 4
27 73 7
27 74 9
27 75 6
27 76 0
27 77 4
27 78 8
27 79 8
27 80 4
27 81 1
27 82 5
27 83 4
27 84 8
27 85 3
27 86 3
27 87 0
27 88 9
27 89 9
27 90 3
27 91 1
27 92 0
27 93 2
27 94 8
27 95 0
27 96 2
27 97 1
27 98 8
27 99 9
28 0 2
28 1 4
28 2 3
28 3 8
28 4 0
28 5 1
28 6 4
28 7 1
28 8 8
28 9 1
28 10 9
28 11 6
28 12 2
28 13 8
28 14 1
28 15 5
28 16 1
28 17 5
28 18 6
28 19 7
28 20 5
28 21 6
28 22 0
28 23 4
28 24 3
28 25 1
28 26 3
28 27 3
28 28 3
28 29 0
28 30 6
28 31 5
28 32 3
28 33 6
28 34 2
28 35 9
28 36 0
28 37 6
28 38 7
28 39 8
28 40 8
28 41 7
28 42 2
28 43 1
28 44 3
28 45 2
28 46 7
28 47 1
28 48 3
28 49 9
28 50 8
28 51 6
28 52 6
28 53 6
28 54 8
28 55 9
28 56 6
28 57 1
28 58 8
28 59 2
28 60 5
28 61 6
28 62 2
28 63 0
28 64 2
28 65 9
28 66 0
28 67 3
28 68 0
28 69 2
28 70 4
28 71 1
28 72 5
28 73 4
28 74 5
28 75 4
28 76 7
28 77 8
28 78 6
28 79 5
28 80 5
28 81 6
28 82 7
28 83 7
28 84 2
28 85 6
28 86 3
28 87 4
28 88 9
28 89 4
28 90 0
28 91 2
28 92 5
28 93 1
28 94 0
28 95 8
28 96 0
28 97 4
28 98 3
28 99 6
29 0 1
29 1 8
29 2 6
29 3 2
29 4 0
29 5 4
29 6 1
29 7 0
29 8 3
29 9 7
29 10 7
29 11 3
29 12 5
29 13 6
29 14 6
29 15 4
29 16 8
29 17 1
29 18 9
29 19 1
29 20 8
29 21 5
29 22 9
29 23 3
29 24 6
29 25 0
29 26 7
29 27 0
29 28 9
29 29 4
29 30 2
29 31 5
29 32 6
29 33 5
29 34 2
29 35 4
29 36 3
29 37 1
29 38 3
29 39 4
29 40 1
29 41 7
29 42 6
29 43 8
29 44 7
29 45 7
29 46 4
29 47 6
29 48 8
29 49 8
29 50 8
29 51 5
29 52 8
29 53 1
29 54 0
29 55 3
29 56 6
29 57 4
29 58 7
29 59 9
29 60 5
29 61 6
29 62 1
29 63 6
29 64 2
29 65 0
29 66 0
29 67 7
29 68 9
29 69 1
29 70 1
29 71 8
29 72 7
29 73 5
29 74 0
29 75 6
29 76 2
29 77 4
29 78 3
29 79 1
29 80 8
29 81 3
29 82 4
29 83 7
29 84 7
29 85 2
29 86 3
29 87 2
29 88 7
29 89 2
29 90 8
29 91 6
29 92 9
29 93 4
29 94 9
29 95 8
29 96 1
29 97 3
29 98 2
29 99 1
30 0 7
30 1 4
30 2 1
30 3 6
30 4 0
30 5 1
30 6 5
30 7 3
30 8 2
30 9 4
30 10 3
30 11 8
30 12 6
30 13 0
30 14 3
30 15 8
30 16 5
30 17 0
30 18 5
30 19 1
30 20 9
30 21 3
30 22 9
30 23 2
30 24 0
30 25 4
30 26 9
30 27 9
30 28 0
30 29 9
30 30 2
30 31 6
30 32 3
30 33 0
30 34 0
30 35 6
30 36 1
30 37 6
30 38 3
30 39 4
30 40 7
30 41 8
30 42 6
30 43 6
30 44 4
30 45 7
30 46 7
30 47 7
30 48 8
30 49 8
30 50 3
30 51 4
30 52 7
30 53 9
30 54 0
30 55 5
30 56 7
30 57 2
30 58 9
30 59 7
30 60 7
30 61 6
30 62 8
30 63 1
30 64 1
30 65 9
30 66 6
30 67 0
30 68 2
30 69 6
30 70 3
30 71 6
30 72 0
30 73 0
30 74 7
30 75 4
30 76 2
30 77 7
30 78 6
30 79 5
30 80 5
30 81 5
30 82 1
30 83 1
30 84 7
30 85 8
30 86 2
30 87 5
30 88 3
30 89 5
30 90 1
30 91 9
30 92 6
30 93 1
30 94 1
30 95 5
30 96 9
30 97 5
30 98 3
30 99 0
31 0 8
31 1 8
31 2 9
31 3 8
31 4 3
31 5 9
31 6 1
31 7 5
31 8 6
31 9 5
31 10 7
31 11 4
31 12 9
31 13 3
31 14 8
31 15 0
31 16 9
31 17 9
31 18 8
31 19 5
31 20 2
31 21 4
31 22 3
31 23 6
31 24 6
31 25 1
31 26 2
31 27 1
31 28 5
31 29 6
31 30 3
31 31 1
31 32 5
31 33 2
31 34 0
31 35 9
31 36 7
31 37 7
31 38 1
31 39 7
31 40 1
31 41 6
31 42 4
31 43 4
31 44 5
31 45 7
31 46 8
31 47 1
31 48 0
31 49 2
31 50 8
31 51 2
31 52 2
31 53 8
31 54 8
31 55 8
31 56 2
31 57 5
31 58 0
31 59 8
31 60 3
31 61 5
31 62 5
31 63 6
31 64 9
31 65 2
31 66 8
31 67 6
31 68 8
31 69 9
31 70 6
31 71 8
31 72 0
31 73 6
31 74 7
31 75 4
31 76 9
31 77 3
31 78 7
31 79 1
31 80 5
31 81 6
31 82 7
31 83 5
31 84 1
31 85 4
31 86 2
31 87 6
31 88 0
31 89 5
31 90 2
31 91 4
31 92 6
31 93 9
31 94 4
31 95 4
31 96 9
31 97 3
31 98 9
31 99 8
32 0 0
32 1 9
32 2 8
32 3 6
32 4 9
32 5 3
32 6 4
32 7 2
32 8 0
32 9 9
32 10 7
32 11 4
32 12 4
32 13 3
32 14 2
32 15 6
32 16 0
32 17 8
32 18 2
32 19 8
32 20 2
32 21 2
32 22 1
32 23 7
32 24 6
32 25 8
32 26 6
32 27 8
32 28 7
32 29 8
32 30 7
32 31 0
32 32 9
32 33 6
32 34 5
32 35 9
32 36 0
32 37 9
32 38 7
32 39 1
32 40 2
32 41 3
32 42 5
32 43 8
32 44 4
32 45 4
32 46 2
32 47 7
32 48 2
32 49 5
32 50 1
32 51 7
32 52 7
32 53 9
32 54 1
32 55 2
32 56 3
32 57 4
32 58 9
32 59 5
32 60 3
32 61 9
32 62 2
32 63 4
32 64 3
32 65 5
32 66 0
32 67 0
32 68 2
32 69 1
32 70 1
32 71 9
32 72 4
32 73 6
32 74 3
32 75 1
32 76 0
32 77 1
32 78 4
32 79 8
32 80 9
32 81 8
32 82 0
32 83 7
32 84 8
32 85 9
32 86 6
32 87 2
32 88 0
32 89 4
32 90 5
32 91 4
32 92 6
32 93 7
32 94 8
32 95 1
32 96 4
32 97 4
32 98 1
32 99 9
33 0 4
33 1 6
33 2 4
33 3 2
33 4 8
33 5 7
33 6 5
33 7 6
33 8 4
33 9 7
33 10 2
33 11 0
33 12 9
33 13 3
33 14 6
33 15 1
33 16 3
33 17 5
33 18 0
33 19 6
33 20 3
33 21 0
33 22 4
33 23 2
33 24 3
33 25 9
33 26 4
33 27 8
33 28 8
33 29 6
33 30 4
33 31 8
33 32 0
33 33 4
33 34 9
33 35 7
33 36 8
33 37 2
33 38 0
33 39 8
33 40 8
33 41 0
33 42 2
33 43 8
33 44 4
33 45 1
33 46 9
33 47 9
33 48 4
33 49 8
33 50 8
33 51 4
33 52 8
33 53 4
33 54 4
33 55 2
33 56 0
33 57 9
33 58 8
33 59 5
33 60 7
33 61 6
33 62 2
33 63 3
33 64 7
33 65 2
33 66 2
33 67 8
33 68 8
33 69 0
33 70 2
33 71 7
33 72 0
33 73 6
33 74 8
33 75 6
33 76 6
33 77 2
33 78 7
33 79 0
33 80 0
33 81 2
33 82 2
33 83 2
33 84 1
33 85 1
33 86 9
33 87 6
33 88 8
33 89 1
33 90 6
33 91 7
33 92 0
33 93 1
33 94 6
33 95 6
33 96 6
33 97 5
33 98 6
33 99 4
34 0 8
34 1 1
34 2 2
34 3 1
34 4 5
34 5 1
34 6 2
34 7 1
34 8 7
34 9 8
34 10 9
34 11 9
34 12 7
34 13 2
34 14 9
34 15 6
34 16 2
34 17 2
34 18 1
34 19 9
34 20 5
34 21 8
34 22 7
34 23 1
34 24 2
34 25 3
34 26 2
34 27 7
34 28 8
34 29 5
34 30 4
34 31 6
34 32 1
34 33 3
34 34 9
34 35 7
34 36 2
34 37 9
34 38 9
34 39 7
34 40 1
34 41 3
34 42 2
34 43 3
34 44 5
34 45 1
34 46 2
34 47 3
34 48 8
34 49 1
34 50 9
34 51 7
34 52 7
34 53 3
34 54 8
34 55 3
34 56 1
34 57 7
34 58 3
34 59 9
34 60 2
34 61 4
34 62 5
34 63 3
34 64 7
34 65 8
34 66 1
34 67 7
34 68 8
34 69 3
34 70 4
34 71 4
34 72 9
34 73 3
34 74 8
34 75 7
34 76 7
34 77 0
34 78 7
34 79 6
34 80 5
34 81 1
34 82 8
34 83 3
34 84 3
34 85 2
34 86 7
34 87 8
34 88 0
34 89 8
34 90 2
34 91 6
34 92 9
34 93 2
34 94 1
34 95 6
34 96 5
34 97 6
34 98 8
34 99 1
35 0 5
35 1 7
35 2 8
35 3 5
35 4 9
35 5 0
35 6 0
35 7 2
35 8 8
35 9 7
35 10 9
35 11 4
35 12 3
35 13 9
35 14 0
35 15 6
35 16 1
35 17 6
35 18 8
35 19 8
35 20 7
35 21 0
35 22 1
35 23 3
35 24 2
35 25 2
35 26 5
35 27 3
35 28 3
35 29 1
35 30 8
35 31 6
35 32 9
35 33 0
35 34 0
35 35 0
35 36 0
35 37 4
35 38 4
35 39 9
35 40 7
35 41 5
35 42 8
35 43 8
35 44 5
35 45 6
35 46 7
35 47 6
35 48 8
35 49 3
35 50 3
35 51 9
35 52 8
35 53 6
35 54 3
35 55 8
35 56 2
35 57 5
35 58 6
35 59 3
35 60 2
35 61 1
35 62 8
35 63 8
35 64 8
35 65 3
35 66 3
35 67 1
35 68 9
35 69 6
35 70 6
35 71 9
35 72 5
35 73 8
35 74 3
35 75 9
35 76 8
35 77 7
35 78 3
35 79 0
35 80 2
35 81 5
35 82 9
35 83 7
35 84 7
35 85 6
35 86 4
35 87 7
35 88 9
35 89 8
35 90 9
35 91 5
35 92 5
35 93 3
35 94 1
35 95 3
35 96 8
35 97 2
35 98 9
35 99 9
36 0 4
36 1 5
36 2 1
36 3 1
36 4 5
36 5 1
36 6 2
36 7 1
36 8 1
36 9 4
36 10 4
36 11 3
36 12 6
36 13 4
36 14 8
36 15 2
36 16 6
36 17 8
36 18 1
36 19 2
36 20 3
36 21 7
36 22 9
36 23 5
36 24 2
36 25 3
36 26 4
36 27 2
36 28 5
36 29 4
36 30 3
36 31 2
36 32 3
36 33 2
36 34 6
36 35 2
36 36 2
36 37 9
36 38 4
36 39 8
36 40 0
36 41 6
36 42 7
36 43 8
36 44 8
36 45 1
36 46 0
36 47 4
36 48 1
36 49 5
36 50 4
36 51 3
36 52 3
36 53 7
36 54 1
36 55 0
36 56 7
36 57 0
36 58 2
36 59 4
36 60 8
36 61 8
36 62 1
36 63 9
36 64 2
36 65 4
36 66 4
36 67 6
36 68 3
36 69 8
36 70 6
36 71 5
36 72 5
36 73 1
36 74 5
36 75 4
36 76 3
36 77 2
36 78 9
36 79 2
36 80 2
36 81 0
36 82 3
36 83 5
36 84 8
36 85 0
36 86 5
36 87 7
36 88 8
36 89 0
36 90 8
36 91 3
36 92 7
36 93 1
36 94 2
36 95 6
36 96 7
36 97 8
36 98 9
36 99 0
37 0 7
37 1 3
37 2 1
37 3 1
37 4 8
37 5 3
37 6 5
37 7 9
37 8 7
37 9 2
37 10 2
37 11 6
37 12 1
37 13 1
37 14 9
37 15 9
37 16 3
37 17 5
37 18 8
37 19 1
37 20 4
37 21 0
37 22 1
37 23 9
37 24 7
37 25 3
37 26 7
37 27 9
37 28 1
37 29 1
37 30 9
37 31 9
37 32 0
37 33 9
37 34 9
37 35 7
37 36 4
37 37 4
37 38 5
37 39 0
37 40 9
37 41 9
37 42 7
37 43 8
37 44 2
37 45 4
37 46 8
37 47 7
37 48 0
37 49 3
37 50 9
37 51 3
37 52 7
37 53 6
37 54 4
37 55 8
37 56 2
37 57 6
37 58 0
37 59 8
37 60 8
37 61 5
37 62 4
37 63 4
37 64 8
37 65 1
37 66 2
37 67 9
37 68 6
37 69 8
37 70 6
37 71 7
37 72 5
37 73 3
37 74 2
37 75 1
37 76 8
37 77 4
37 78 1
37 79 3
37 80 3
37 81 8
37 82 5
37 83 4
37 84 2
37 85 5
37 86 9
37 87 0
37 88 7
37 89 4
37 90 9
37 91 8
37 92 8
37 93 2
37 94 3
37 95 7
37 96 3
37 97 8
37 98 5
37 99 1
38 0 2
38 1 3
38 2 0
38 3 8
38 4 7
38 5 7
38 6 4
38 7 5
38 8 1
38 9 3
38 10 4
38 11 0
38 12 4
38 13 5
38 14 7
38 15 7
38 16 9
38 17 2
38 18 3
38 19 5
38 20 4
38 21 3
38 22 3
38 23 1
38 24 3
38 25 9
38 26 9
38 27 0
38 28 3
38 29 5
38 30 2
38 31 7
38 32 7
38 33 9
38 34 9
38 35 0
38 36 4
38 37 3
38 38 9
38 39 8
38 40 5
38 41 9
38 42 1
38 43 6
38 44 5
38 45 4
38 46 0
38 47 1
38 48 5
38 49 3
38 50 2
38 51 3
38 52 0
38 53 0
38 54 9
38 55 9
38 56 7
38 57 7
38 58 1
38 59 4
38 60 3
38 61 5
38 62 8
38 63 8
38 64 4
38 65 5
38 66 1
38 67 6
38 68 4
38 69 1
38 70 8
38 71 2
38 72 8
38 73 9
38 74 8
38 75 2
38 76 0
38 77 1
38 78 3
38 79 1
38 80 7
38 81 9
38 82 5
38 83 3
38 84 9
38 85 4
38 86 1
38 87 7
38 88 1
38 89 0
38 90 2
38 91 7
38 92 7
38 93 9
38 94 3
38 95 9
38 96 4
38 97 1
38 98 0
38 99 3
39 0 8
39 1 9
39 2 2
39 3 7
39 4 1
39 5 3
39 6 6
39 7 6
39 8 1
39 9 6
39 10 8
39 11 2
39 12 8
39 13 8
39 14 8
39 15 5
39 16 3
39 17 2
39 18 6
39 19 0
39 20 1
39 21 7
39 22 7
39 23 6
39 24 0
39 25 3
39 26 5
39 27 9
39 28 7
39 29 0
39 30 7
39 31 6
39 32 0
39 33 2
39 34 2
39 35 8
39 36 8
39 37 8
39 38 6
39 39 4
39 40 4
39 41 4
39 42 2
39 43 4
39 44 1
39 45 8
39 46 5
39 47 2
39 48 0
39 49 7
39 50 6
39 51 6
39 52 6
39 53 4
39 54 8
39 55 0
39 56 7
39 57 2
39 58 1
39 59 3
39 60 0
39 61 8
39 62 1
39 63 6
39 64 0
39 65 4
39 66 1
39 67 9
39 68 3
39 69 1
39 70 4
39 71 7
39 72 1
39 73 1
39 74 2
39 75 5
39 76 3
39 77 4
39 78 6
39 79 7
39 80 9
39 81 7
39 82 0
39 83 5
39 84 6
39 85 0
39 86 4
39 87 8
39 88 5
39 89 4
39 90 0
39 91 9
39 92 2
39 93 9
39 94 5
39 95 1
39 96 6
39 97 8
39 98 6
39 99 8
40 0 2
40 1 8
40 2 9
40 3 8
40 4 0
40 5 7
40 6 2
40 7 7
40 8 7
40 9 1
40 10 6
40 11 6
40 12 7
40 13 6
40 14 5
40 15 4
40 16 5
40 17 5
40 18 0
40 19 5
40 20 0
40 21 7
40 22 0
40 23 6
40 24 8
40 25 7
40 26 0
40 27 5
40 28 3
40 29 3
40 30 6
40 31 5
40 32 5
40 33 1
40 34 7
40 35 1
40 36 5
40 37 4
40 38 3
40 39 7
40 40 0
40 41 5
40 42 4
40 43 3
40 44 4
40 45 0
40 46 4
40 47 5
40 48 5
40 49 8
40 50 7
40 51 4
40 52 6
40 53 8
40 54 1
40 55 2
40 56 8
40 57 9
40 58 4
40 59 3
40 60 3
40 61 4
40 62 2
40 63 0
40 64 2
40 65 2
40 66 7
40 67 3
40 68 6
40 69 0
40 70 4
40 71 7
40 72 3
40 73 5
40 74 2
40 75 9
40 76 7
40 77 8
40 78 4
40 79 6
40 80 6
40 81 5
40 82 5
40 83 4
40 84 4
40 85 6
40 86 5
40 87 9
40 88 5
40 89 5
40 90 0
40 91 9
40 92 5
40 93 3
40 94 6
40 95 8
40 96 5
40 97 4
40 98 6
40 99 3
41 0 6
41 1 0
41 2 6
41 3 8
41 4 2
41 5 6
41 6 3
41 7 5
41 8 0
41 9 2
41 10 9
41 11 2
41 12 4
41 13 1
41 14 1
41 15 9
41 16 2
41 17 6
41 18 9
41 19 0
41 20 5
41 21 2
41 22 0
41 23 6
41 24 2
41 25 6
41 26 7
41 27 4
41 28 5
41 29 1
41 30 3
41 31 2
41 32 2
41 33 0
41 34 6
41 35 9
41 36 2
41 37 2
41 38 6
41 39 6
41 40 3
41 41 9
41 42 9
41 43 8
41 44 1
41 45 0
41 46 6
41 47 2
41 48 0
41 49 7
41 50 4
41 51 1
41 52 0
41 53 6
41 54 7
41 55 7
41 56 3
41 57 3
41 58 6
41 59 0
41 60 8
41 61 6
41 62 2
41 63 4
41 64 8
41 65 0
41 66 4
41 67 2
41 68 2
41 69 6
41 70 7
41 71 4
41 72 8
41 73 5
41 74 2
41 75 8
41 76 3
41 77 0
41 78 4
41 79 7
41 80 5
41 81 0
41 82 5
41 83 8
41 84 0
41 85 8
41 86 9
41 87 8
41 88 2
41 89 0
41 90 8
41 91 3
41 92 8
41 93 4
41 94 5
41 95 6
41 96 3
41 97 1
41 98 8
41 99 8
42 0 8
42 1 8
42 2 0
42 3 5
42 4 1
42 5 1
42 6 8
42 7 6
42 8 8
42 9 5
42 10 2
42 11 8
42 12 3
42 13 0
42 14 8
42 15 6
42 16 2
42 17 8
42 18 0
42 19 6
42 20 7
42 21 6
42 22 0
42 23 5
42 24 1
42 25 1
42 26 4
42 27 4
42 28 4
42 29 1
42 30 1
42 31 6
42 32 2
42 33 8
42 34 3
42 35 8
42 36 5
42 37 0
42 38 1
42 39 7
42 40 3
42 41 4
42 42 8
42 43 0
42 44 6
42 45 4
42 46 8
42 47 4
42 48 0
42 49 5
42 50 2
42 51 1
42 52 9
42 53 7
42 54 6
42 55 6
42 56 9
42 57 9
42 58 6
42 59 3
42 60 5
42 61 7
42 62 0
42 63 7
42 64 7
42 65 1
42 66 0
42 67 3
42 68 4
42 69 7
42 70 5
42 71 0
42 72 7
42 73 1
42 74 2
42 75 4
42 76 9
42 77 5
42 78 8
42 79 6
42 80 8
42 81 7
42 82 0
42 83 4
42 84 5
42 85 2
42 86 6
42 87 5
42 88 2
42 89 0
42 90 3
42 91 3
42 92 5
42 93 0
42 94 6
42 95 4
42 96 1
42 97 4
42 98 1
42 99 8
43 0 4
43 1 5
43 2 9
43 3 8
43 4 8
43 5 6
43 6 5
43 7 2
43 8 7
43 9 0
43 10 9
43 11 8
43 12 7
43 13 5
43 14 0
43 15 5
43 16 8
43 17 0
43 18 0
43 19 0
43 20 6
43 21 7
43 22 9
43 23 4
43 24 4
43 25 7
43 26 6
43 27 3
43 28 4
43 29 6
43 30 2
43 31 0
43 32 2
43 33 9
43 34 3
43 35 7
43 36 7
43 37 6
43 38 9
43 39 7
43 40 0
43 41 7
43 42 5
43 43 3
43 44 6
43 45 9
43 46 8
43 47 3
43 48 4
43 49 9
43 50 7
43 51 7
43 52 7
43 53 3
43 54 0
43 55 2
43 56 3
43 57 3
43 58 9
43 59 8
43 60 9
43 61 1
43 62 8
43 63 7
43 64 2
43 65 9
43 66 2
43 67 6
43 68 0
43 69 3
43 70 3
43 71 4
43 72 9
43 73 6
43 74 6
43 75 7
43 76 9
43 77 7
43 78 5
43 79 7
43 80 8
43 81 1
43 82 0
43 83 9
43 84 7
43 85 2
43 86 1
43 87 2
43 88 8
43 89 9
43 90 1
43 91 6
43 92 4
43 93 2
43 94 4
43 95 7
43 96 4
43 97 4
43 98 2
43 99 6
44 0 0
44 1 1
44 2 8
44 3 3
44 4 5
44 5 5
44 6 9
44 7 3
44 8 2
44 9 7
44 10 7
44 11 6
44 12 9
44 13 6
44 14 0
44 15 2
44 16 4
44 17 3
44 18 9
44 19 4
44 20 4
44 21 8
44 22 3
44 23 0
44 24 6
44 25 8
44 26 5
44 27 3
44 28 1
44 29 9
44 30 5
44 31 3
44 32 3
44 33 6
44 34 7
44 35 6
44 36 1
44 37 4
44 38 9
44 39 6
44 40 0
44 41 8
44 42 8
44 43 3
44 44 3
44 45 7
44 46 2
44 47 6
44 48 4
44 49 9
44 50 6
44 51 2
44 52 3
44 53 8
44 54 1
44 55 3
44 56 1
44 57 7
44 58 0
44 59 4
44 60 3
44 61 2
44 62 5
44 63 9
44 64 0
44 65 0
44 66 2
44 67 7
44 68 5
44 69 3
44 70 0
44 71 3
44 72 9
44 73 0
44 74 6
44 75 4
44 76 2
44 77 7
44 78 7
44 79 5
44 80 0
44 81 4
44 82 5
44 83 9
44 84 2
44 85 3
44 86 0
44 87 2
44 88 4
44 89 4
44 90 7
44 91 0
44 92 4
44 93 8
44 94 5
44 95 7
44 96 6
44 97 5
44 98 6
44 99 8
45 0 8
45 1 0
45 2 2
45 3 9
45 4 7
45 5 9
45 6 9
45 7 3
45 8 1
45 9 6
45 10 4
45 11 9
45 12 1
45 13 5
45 14 1
45 15 6
45 16 2
45 17 3
45 18 1
45 19 6
45 20 6
45 21 9
45 22 6
45 23 4
45 24 7
45 25 0
45 26 4
45 27 3
45 28 2
45 29 4
45 30 4
45 31 3
45 32 1
45 33 5
45 34 1
45 35 5
45 36 2
45 37 9
45 38 5
45 39 3
45 40 1
45 41 7
45 42 9
45 43 2
45 44 3
45 45 7
45 46 9
45 47 0
45 48 5
45 49 6
45 50 3
45 51 0
45 52 6
45 53 2
45 54 3
45 55 7
45 56 9
45 57 9
45 58 6
45 59 1
45 60 9
45 61 7
45 62 3
45 63 1
45 64 5
45 65 1
45 66 9
45 67 0
45 68 8
45 69 7
45 70 4
45 71 7
45 72 4
45 73 5
45 74 5
45 75 7
45 76 5
45 77 0
45 78 1
45 79 0
45 80 7
45 81 4
45 82 9
45 83 5
45 84 6
45 85 6
45 86 2
45 87 0
45 88 9
45 89 0
45 90 1
45 91 0
45 92 9
45 93 9
45 94 8
45 95 8
45 96 0
45 97 4
45 98 6
45 99 9
46 0 7
46 1 0
46 2 8
46 3 8
46 4 9
46 5 7
46 6 0
46 7 4
46 8 4
46 9 7
46 10 2
46 11 8
46 12 6
46 13 5
46 14 1
46 15 3
46 16 9
46 17 6
46 18 2
46 19 5
46 20 2
46 21 5
46 22 4
46 23 7
46 24 7
46 25 0
46 26 4
46 27 8
46 28 7
46 29 4
46 30 7
46 31 4
46 32 9
46 33 9
46 34 9
46 35 1
46 36 3
46 37 5
46 38 4
46 39 4
46 40 7
46 41 7
46 42 7
46 43 1
46 44 6
46 45 8
46 46 5
46 47 2
46 48 4
46 49 8
46 50 7
46 51 4
46 52 3
46 53 6
46 54 4
46 55 0
46 56 3
46 57 1
46 58 3
46 59 4
46 60 7
46 61 3
46 62 1
46 63 9
46 64 0
46 65 6
46 66 8
46 67 7
46 68 1
46 69 9
46 70 4
46 71 5
46 72 0
46 73 7
46 74 4
46 75 6
46 76 0
46 77 1
46 78 2
46 79 7
46 80 3
46 81 1
46 82 5
46 83 4
46 84 0
46 85 3
46 86 9
46 87 0
46 88 0
46 89 4
46 90 7
46 91 9
46 92 7
46 93 2
46 94 1
46 95 1
46 96 9
46 97 2
46 98 2
46 99 5
47 0 4
47 1 9
47 2 3
47 3 1
47 4 6
47 5 5
47 6 9
47 7 6
47 8 0
47 9 4
47 10 1
47 11 0
47 12 8
47 13 2
47 14 3
47 15 0
47 16 8
47 17 0
47 18 0
47 19 3
47 20 5
47 21 4
47 22 6
47 23 7
47 24 6
47 25 9
47 26 8
47 27 3
47 28 2
47 29 8
47 30 2
47 31 5
47 32 9
47 33 0
47 34 3
47 35 0
47 36 4
47 37 9
47 38 8
47 39 3
47 40 7
47 41 0
47 42 0
47 43 4
47 44 9
47 45 5
47 46 2
47 47 7
47 48 9
47 49 0
47 50 9
47 51 2
47 52 4
47 53 1
47 54 1
47 55 6
47 56 9
47 57 4
47 58 6
47 59 7
47 60 5
47 61 2
47 62 7
47 63 0
47 64 9
47 65 8
47 66 8
47 67 6
47 68 0
47 69 0
47 70 2
47 71 0
47 72 9
47 73 3
47 74 1
47 75 3
47 76 9
47 77 7
47 78 9
47 79 5
47 80 1
47 81 7
47 82 9
47 83 0
47 84 1
47 85 7
47 86 8
47 87 0
47 88 1
47 89 0
47 90 1
47 91 6
47 92 4
47 93 8
47 94 1
47 95 4
47 96 4
47 97 6
47 98 9
47 99 0
48 0 2
48 1 7
48 2 5
48 3 4
48 4 4
48 5 2
48 6 7
48 7 6
48 8 9
48 9 7
48 10 4
48 11 0
48 12 5
48 13 4
48 14 7
48 15 0
48 16 7
48 17 9
48 18 7
48 19 3
48 20 2
48 21 7
48 22 3
48 23 3
48 24 8
48 25 2
48 26 4
48 27 2
48 28 3
48 29 8
48 30 7
48 31 6
48 32 2
48 33 0
48 34 6
48 35 6
48 36 2
48 37 0
48 38 9
48 39 2
48 40 2
48 41 3
48 42 6
48 43 0
48 44 3
48 45 7
48 46 1
48 47 4
48 48 3
48 49 9
48 50 5
48 51 4
48 52 7
48 53 5
48 54 8
48 55 0
48 56 1
48 57 8
48 58 9
48 59 0
48 60 9
48 61 3
48 62 0
48 63 8
48 64 9
48 65 5
48 66 0
48 67 7
48 68 5
48 69 8
48 70 7
48 71 4
48 72 6
48 73 6
48 74 8
48 75 3
48 76 7
48 77 4
48 78 3
48 79 1
48 80 2
48 81 2
48 82 1
48 83 1
48 84 4
48 85 5
48 86 3
48 87 9
48 88 9
48 89 6
48 90 2
48 91 1
48 92 7
48 93 5
48 94 1
48 95 2
48 96 7
48 97 9
48 98 5
48 99 7
49 0 3
49 1 6
49 2 8
49 3 3
49 4 1
49 5 5
49 6 8
49 7 2
49 8 0
49 9 3
49 10 4
49 11 0
49 12 9
49 13 4
49 14 9
49 15 1
49 16 5
49 17 6
49 18 7
49 19 6
49 20 8
49 21 3
49 22 5
49 23 3
49 24 7
49 25 9
49 26 1
49 27 6
49 28 9
49 29 2
49 30 0
49 31 4
49 32 6
49 33 2
49 34 9
49 35 2
49 36 0
49 37 4
49 38 9
49 39 7
49 40 5
49 41 2
49 42 6
49 43 9
49 44 2
49 45 1
49 46 3
49 47 1
49 48 5
49 49 3
49 50 0
49 51 5
49 52 7
49 53 8
49 54 5
49 55 6
49 56 0
49 57 2
49 58 1
49 59 4
49 60 6
49 61 7
49 62 5
49 63 5
49 64 5
49 65 1
49 66 1
49 67 2
49 68 4
49 69 3
49 70 1
49 71 5
49 72 9
49 73 5
49 74 6
49 75 1
49 76 0
49 77 3
49 78 3
49 79 3
49 80 6
49 81 5
49 82 8
49 83 6
49 84 7
49 85 5
49 86 6
49 87 5
49 88 2
49 89 6
49 90 3
49 91 3
49 92 1
49 93 3
49 94 6
49 95 5
49 96 8
49 97 5
49 98 4
49 99 9
50 0 1
50 1 6
50 2 9
50 3 6
50 4 2
50 5 7
50 6 3
50 7 1
50 8 2
50 9 8
50 10 4
50 11 8
50 12 4
50 13 1
50 14 6
50 15 3
50 16 6
50 17 6
50 18 7
50 19 4
50 20 7
50 21 8
50 22 0
50 23 9
50 24 4
50 25 5
50 26 7
50 27 9
50 28 6
50 29 8
50 30 5
50 31 0
50 32 8
50 33 4
50 34 3
50 35 3
50 36 4
50 37 4
50 38 0
50 39 6
50 40 0
50 41 5
50 42 1
50 43 6
50 44 8
50 45 5
50 46 0
50 47 4
50 48 0
50 49 8
50 50 2
50 51 4
50 52 5
50 53 1
50 54 0
50 55 9
50 56 3
50 57 0
50 58 1
50 59 9
50 60 5
50 61 5
50 62 5
50 63 6
50 64 2
50 65 3
50 66 5
50 67 7
50 68 5
50 69 3
50 70 9
50 71 7
50 72 6
50 73 6
50 74 9
50 75 9
50 76 0
50 77 9
50 78 5
50 79 7
50 80 6
50 81 0
50 82 2
50 83 2
50 84 9
50 85 3
50 86 8
50 87 7
50 88 2
50 89 1
50 90 0
50 91 7
50 92 8
50 93 8
50 94 6
50 95 4
50 96 8
50 97 2
50 98 7
50 99 1
51 0 4
51 1 7
51 2 8
51 3 3
51 4 5
51 5 8
51 6 1
51 7 2
51 8 2
51 9 1
51 10 1
51 11 6
51 12 8
51 13 8
51 14 1
51 15 1
51 16 4
51 17 6
51 18 2
51 19 5
51 20 8
51 21 0
51 22 8
51 23 3
51 24 2
51 25 7
51 26 8
51 27 3
51 28 8
51 29 1
51 30 6
51 31 8
51 32 5
51 33 3
51 34 0
51 35 1
51 36 8
51 37 0
51 38 0
51 39 9
51 40 7
51 41 4
51 42 6
51 43 6
51 44 4
51 45 1
51 46 3
51 47 9
51 48 1
51 49 2
51 50 3
51 51 8
51 52 1
51 53 8
51 54 5
51 55 8
51 56 8
51 57 7
51 58 6
51 59 0
51 60 8
51 61 5
51 62 2
51 63 5
51 64 6
51 65 6
51 66 5
51 67 1
51 68 3
51 69 1
51 70 8
51 71 6
51 72 5
51 73 9
51 74 6
51 75 9
51 76 6
51 77 6
51 78 1
51 79 0
51 80 4
51 81 3
51 82 9
51 83 6
51 84 2
51 85 7
51 86 0
51 87 7
51 88 5
51 89 8
51 90 8
51 91 7
51 92 3
51 93 6
51 94 9
51 95 1
51 96 7
51 97 8
51 98 6
51 99 3
52 0 0
52 1 9
52 2 2
52 3 8
52 4 9
52 5 9
52 6 8
52 7 6
52 8 6
52 9 1
52 10 2
52 11 8
52 12 2
52 13 5
52 14 2
52 15 9
52 16 5
52 17 0
52 18 3
52 19 2
52 20 6
52 21 1
52 22 9
52 23 8
52 24 9
52 25 9
52 26 8
52 27 7
52 28 1
52 29 3
52 30 2
52 31 8
52 32 0
52 33 5
52 34 8
52 35 4
52 36 9
52 37 5
52 38 9
52 39 9
52 40 7
52 41 8
52 42 7
52 43 7
52 44 7
52 45 2
52 46 4
52 47 0
52 48 6
52 49 9
52 50 8
52 51 5
52 52 9
52 53 5
52 54 6
52 55 6
52 56 1
52 57 4
52 58 9
52 59 1
52 60 4
52 61 3
52 62 1
52 63 9
52 64 1
52 65 9
52 66 6
52 67 5
52 68 3
52 69 7
52 70 4
52 71 9
52 72 4
52 73 7
52 74 6
52 75 7
52 76 3
52 77 3
52 78 7
52 79 8
52 80 7
52 81 7
52 82 1
52 83 6
52 84 1
52 85 3
52 86 4
52 87 6
52 88 8
52 89 5
52 90 9
52 91 1
52 92 0
52 93 7
52 94 2
52 95 8
52 96 4
52 97 7
52 98 4
52 99 0
53 0 9
53 1 6
53 2 6
53 3 8
53 4 5
53 5 0
53 6 1
53 7 7
53 8 7
53 9 6
53 10 2
53 11 3
53 12 5
53 13 3
53 14 3
53 15 4
53 16 0
53 17 0
53 18 6
53 19 9
53 20 3
53 21 2
53 22 5
53 23 9
53 24 5
53 25 3
53 26 9
53 27 8
53 28 6
53 29 1
53 30 1
53 31 9
53 32 3
53 33 9
53 34 5
53 35 7
53 36 1
53 37 1
53 38 2
53 39 9
53 40 7
53 41 4
53 42 6
53 43 4
53 44 2
53 45 5
53 46 6
53 47 0
53 48 6
53 49 1
53 50 4
53 51 8
53 52 8
53 53 7
53 54 8
53 55 2
53 56 2
53 57 2
53 58 3
53 59 9
53 60 8
53 61 5
53 62 7
53 63 8
53 64 8
53 65 3
53 66 2
53 67 2
53 68 3
53 69 2
53 70 0
53 71 8
53 72 5
53 73 9
53 74 5
53 75 6
53 76 2
53 77 7
53 78 0
53 79 8
53 80 9
53 81 8
53 82 7
53 83 7
53 84 8
53 85 0
53 86 6
53 87 5
53 88 3
53 89 0
53 90 2
53 91 5
53 92 5
53 93 8
53 94 5
53 95 1
53 96 5
53 97 8
53 98 3
53 99 4
54 0 1
54 1 4
54 2 9
54 3 7
54 4 8
54 5 9
54 6 0
54 7 3
54 8 2
54 9 0
54 10 9
54 11 1
54 12 3
54 13 5
54 14 3
54 15 6
54 16 4
54 17 8
54 18 9
54 19 0
54 20 4
54 21 9
54 22 3
54 23 4
54 24 6
54 25 1
54 26 4
54 27 5
54 28 6
54 29 1
54 30 3
54 31 4
54 32 2
54 33 8
54 34 8
54 35 2
54 36 0
54 37 0
54 38 7
54 39 3
54 40 6
54 41 8
54 42 4
54 43 0
54 44 8
54 45 4
54 46 4
54 47 7
54 48 2
54 49 2
54 50 1
54 51 8
54 52 5
54 53 1
54 54 8
54 55 0
54 56 3
54 57 1
54 58 0
54 59 5
54 60 1
54 61 2
54 62 0
54 63 5
54 64 7
54 65 4
54 66 3
54 67 3
54 68 9
54 69 9
54 70 4
54 71 1
54 72 9
54 73 4
54 74 9
54 75 7
54 76 4
54 77 9
54 78 4
54 79 2
54 80 8
54 81 6
54 82 6
54 83 6
54 84 7
54 85 9
54 86 0
54 87 7
54 88 5
54 89 9
54 90 6
54 91 3
54 92 8
54 93 1
54 94 1
54 95 4
54 96 9
54 97 5
54 98 1
54 99 7
55 0 9
55 1 5
55 2 7
55 3 6
55 4 0
55 5 8
55 6 2
55 7 0
55 8 1
55 9 6
55 10 7
55 11 1
55 12 5
55 13 0
55 14 8
55 15 7
55 16 1
55 17 0
55 18 9
55 19 7
55 20 9
55 21 4
55 22 2
55 23 1
55 24 2
55 25 0
55 26 1
55 27 9
55 28 1
55 29 9
55 30 1
55 31 0
55 32 3
55 33 2
55 34 8
55 35 5
55 36 8
55 37 3
55 38 8
55 39 3
55 40 6
55 41 3
55 42 2
55 43 2
55 44 2
55 45 3
55 46 9
55 47 5
55 48 8
55 49 6
55 50 3
55 51 9
55 52 1
55 53 9
55 54 2
55 55 9
55 56 2
55 57 3
55 58 8
55 59 4
55 60 8
55 61 0
55 62 9
55 63 6
55 64 5
55 65 6
55 66 5
55 67 0
55 68 1
55 69 2
55 70 5
55 71 1
55 72 1
55 73 5
55 74 3
55 75 9
55 76 4
55 77 3
55 78 2
55 79 5
55 80 2
55 81 1
55 82 2
55 83 3
55 84 3
55 85 3
55 86 3
55 87 2
55 88 3
55 89 1
55 90 3
55 91 1
55 92 4
55 93 1
55 94 4
55 95 4
55 96 1
55 97 9
55 98 0
55 99 7
56 0 6
56 1 3
56 2 4
56 3 8
56 4 7
56 5 6
56 6 0
56 7 4
56 8 0
56 9 6
56 10 9
56 11 2
56 12 6
56 13 1
56 14 0
56 15 3
56 16 0
56 17 7
56 18 1
56 19 7
56 20 0
56 21 6
56 22 7
56 23 5
56 24 7
56 25 9
56 26 4
56 27 4
56 28 3
56 29 3
56 30 2
56 31 5
56 32 1
56 33 2
56 34 9
56 35 8
56 36 0
56 37 2
56 38 9
56 39 1
56 40 5
56 41 7
56 42 5
56 43 7
56 44 1
56 45 8
56 46 7
56 47 4
56 48 6
56 49 3
56 50 7
56 51 3
56 52 6
56 53 8
56 54 5
56 55 4
56 56 5
56 57 3
56 58 6
56 59 6
56 60 9
56 61 1
56 62 0
56 63 1
56 64 8
56 65 9
56 66 3
56 67 4
56 68 8
56 69 7
56 70 1
56 71 0
56 72 5
56 73 9
56 74 9
56 75 9
56 76 7
56 77 6
56 78 6
56 79 4
56 80 5
56 81 9
56 82 5
56 83 0
56 84 6
56 85 0
56 86 4
56 87 3
56 88 9
56 89 1
56 90 8
56 91 2
56 92 5
56 93 2
56 94 9
56 95 6
56 96 1
56 97 8
56 98 2
56 99 9
57 0 0
57 1 1
57 2 7
57 3 5
57 4 2
57 5 4
57 6 5
57 7 5
57 8 2
57 9 6
57 10 8
57 11 4
57 12 4
57 13 2
57 14 0
57 15 6
57 16 5
57 17 7
57 18 3
57 19 8
57 20 5
57 21 6
57 22 9
57 23 1
57 24 2
57 25 6
57 26 8
57 27 2
57 28 9
57 29 7
57 30 9
57 31 7
57 32 9
57 33 3
57 34 1
57 35 1
57 36 4
57 37 8
57 38 2
57 39 3
57 40 4
57 41 1
57 42 4
57 43 3
57 44 1
57 45 0
57 46 0
57 47 0
57 48 7
57 49 8
57 50 1
57 51 6
57 52 8
57 53 6
57 54 4
57 55 7
57 56 6
57 57 3
57 58 8
57 59 5
57 60 7
57 61 7
57 62 3
57 63 9
57 64 0
57 65 9
57 66 0
57 67 4
57 68 6
57 69 3
57 70 5
57 71 8
57 72 6
57 73 8
57 74 8
57 75 7
57 76 7
57 77 8
57 78 0
57 79 6
57 80 2
57 81 2
57 82 6
57 83 4
57 84 4
57 85 4
57 86 6
57 87 5
57 88 7
57 89 5
57 90 4
57 91 7
57 92 4
57 93 3
57 94 1
57 95 0
57 96 1
57 97 6
57 98 5
57 99 5
58 0 7
58 1 8
58 2 2
58 3 9
58 4 6
58 5 0
58 6 2
58 7 5
58 8 5
58 9 5
58 10 9
58 11 2
58 12 7
58 13 6
58 14 0
58 15 0
58 16 5
58 17 5
58 18 6
58 19 5
58 20 2
58 21 7
58 22 5
58 23 3
58 24 1
58 25 8
58 26 1
58 27 1
58 28 2
58 29 2
58 30 1
58 31 5
58 32 3
58 33 0
58 34 3
58 35 3
58 36 2
58 37 8
58 38 2
58 39 7
58 40 8
58 41 8
58 42 3
58 43 7
58 44 5
58 45 1
58 46 5
58 47 4
58 48 5
58 49 2
58 50 8
58 51 8
58 52 8
58 53 6
58 54 3
58 55 8
58 56 2
58 57 1
58 58 3
58 59 5
58 60 0
58 61 1
58 62 5
58 63 7
58 64 8
58 65 6
58 66 7
58 67 1
58 68 8
58 69 1
58 70 3
58 71 4
58 72 2
58 73 7
58 74 9
58 75 6
58 76 2
58 77 7
58 78 0
58 79 8
58 80 6
58 81 5
58 82 4
58 83 1
58 84 0
58 85 6
58 86 9
58 87 1
58 88 8
58 89 3
58 90 4
58 91 3
58 92 9
58 93 8
58 94 4
58 95 9
58 96 5
58 97 7
58 98 8
58 99 8
59 0 9
59 1 8
59 2 6
59 3 5
59 4 4
59 5 1
59 6 7
59 7 2
59 8 0
59 9 6
59 10 5
59 11 5
59 12 5
59 13 4
59 14 7
59 15 6
59 16 0
59 17 5
59 18 8
59 19 4
59 20 1
59 21 6
59 22 4
59 23 2
59 24 4
59 25 1
59 26 2
59 27 8
59 28 1
59 29 2
59 30 1
59 31 7
59 32 8
59 33 4
59 34 6
59 35 0
59 36 2
59 37 7
59 38 1
59 39 3
59 40 6
59 41 0
59 42 8
59 43 2
59 44 3
59 45 2
59 46 7
59 47 3
59 48 9
59 49 1
59 50 2
59 51 1
59 52 8
59 53 7
59 54 1
59 55 9
59 56 5
59 57 0
59 58 0
59 59 4
59 60 5
59 61 1
59 62 4
59 63 2
59 64 0
59 65 0
59 66 2
59 67 2
59 68 3
59 69 8
59 70 6
59 71 6
59 72 7
59 73 2
59 74 0
59 75 7
59 76 1
59 77 4
59 78 8
59 79 4
59 80 2
59 81 3
59 82 9
59 83 8
59 84 3
59 85 5
59 86 5
59 87 2
59 88 4
59 89 1
59 90 6
59 91 8
59 92 3
59 93 5
59 94 5
59 95 4
59 96 8
59 97 0
59 98 2
59 99 7
60 0 8
60 1 8
60 2 9
60 3 4
60 4 1
60 5 4
60 6 5
60 7 5
60 8 3
60 9 4
60 10 8
60 11 0
60 12 5
60 13 9
60 14 2
60 15 0
60 16 1
60 17 1
60 18 7
60 19 0
60 20 8
60 21 6
60 22 0
60 23 9
60 24 2
60 25 8
60 26 3
60 27 8
60 28 4
60 29 5
60 30 1
60 31 8
60 32 5
60 33 7
60 34 3
60 35 2
60 36 2
60 37 5
60 38 7
60 39 8
60 40 5
60 41 0
60 42 3
60 43 1
60 44 3
60 45 5
60 46 1
60 47 8
60 48 5
60 49 8
60 50 0
60 51 1
60 52 9
60 53 1
60 54 5
60 55 4
60 56 8
60 57 6
60 58 3
60 59 5
60 60 3
60 61 4
60 62 3
60 63 9
60 64 7
60 65 8
60 66 9
60 67 6
60 68 4
60 69 8
60 70 8
60 71 1
60 72 5
60 73 4
60 74 9
60 75 6
60 76 5
60 77 0
60 78 0
60 79 0
60 80 2
60 81 0
60 82 2
60 83 2
60 84 9
60 85 1
60 86 1
60 87 9
60 88 6
60 89 8
60 90 1
60 91 4
60 92 4
60 93 5
60 94 0
60 95 1
60 96 8
60 97 8
60 98 7
60 99 4
61 0 5
61 1 8
61 2 9
61 3 3
61 4 7
61 5 5
61 6 1
61 7 2
61 8 4
61 9 5
61 10 1
61 11 7
61 12 6
61 13 1
61 14 1
61 15 6
61 16 0
61 17 6
61 18 0
61 19 7
61 20 3
61 21 0
61 22 1
61 23 8
61 24 9
61 25 6
61 26 4
61 27 4
61 28 6
61 29 4
61 30 6
61 31 8
61 32 0
61 33 3
61 34 5
61 35 9
61 36 3
61 37 4
61 38 4
61 39 3
61 40 0
61 41 3
61 42 6
61 43 7
61 44 2
61 45 3
61 46 5
61 47 8
61 48 1
61 49 0
61 50 4
61 51 4
61 52 8
61 53 7
61 54 0
61 55 3
61 56 8
61 57 6
61 58 5
61 59 8
61 60 3
61 61 3
61 62 2
61 63 4
61 64 7
61 65 3
61 66 9
61 67 7
61 68 7
61 69 6
61 70 4
61 71 9
61 72 4
61 73 0
61 74 1
61 75 4
61 76 1
61 77 8
61 78 7
61 79 2
61 80 5
61 81 7
61 82 4
61 83 6
61 84 0
61 85 7
61 86 9
61 87 8
61 88 1
61 89 2
61 90 0
61 91 6
61 92 5
61 93 5
61 94 0
61 95 7
61 96 6
61 97 4
61 98 0
61 99 4
62 0 9
62 1 7
62 2 3
62 3 8
62 4 2
62 5 3
62 6 5
62 7 8
62 8 8
62 9 3
62 10 7
62 11 5
62 12 7
62 13 4
62 14 9
62 15 7
62 16 8
62 17 9
62 18 2
62 19 8
62 20 3
62 21 9
62 22 2
62 23 5
62 24 4
62 25 0
62 26 7
62 27 6
62 28 2
62 29 5
62 30 6
62 31 7
62 32 3
62 33 1
62 34 6
62 35 1
62 36 1
62 37 4
62 38 5
62 39 0
62 40 3
62 41 8
62 42 9
62 43 1
62 44 1
62 45 6
62 46 9
62 47 0
62 48 8
62 49 2
62 50 0
62 51 0
62 52 7
62 53 6
62 54 6
62 55 4
62 56 5
62 57 3
62 58 3
62 59 5
62 60 6
62 61 8
62 62 7
62 63 6
62 64 0
62 65 3
62 66 5
62 67 9
62 68 5
62 69 5
62 70 1
62 71 7
62 72 8
62 73 1
62 74 6
62 75 8
62 76 2
62 77 1
62 78 7
62 79 3
62 80 7
62 81 0
62 82 7
62 83 0
62 84 2
62 85 1
62 86 4
62 87 4
62 88 6
62 89 0
62 90 5
62 91 1
62 92 4
62 93 4
62 94 8
62 95 0
62 96 4
62 97 2
62 98 5
62 99 9
63 0 1
63 1 7
63 2 8
63 3 2
63 4 8
63 5 4
63 6 2
63 7 4
63 8 2
63 9 0
63 10 3
63 11 7
63 12 5
63 13 2
63 14 0
63 15 8
63 16 9
63 17 2
63 18 3
63 19 7
63 20 2
63 21 3
63 22 2
63 23 9
63 24 4
63 25 5
63 26 2
63 27 5
63 28 7
63 29 7
63 30 4
63 31 4
63 32 9
63 33 6
63 34 3
63 35 2
63 36 4
63 37 4
63 38 8
63 39 5
63 40 6
63 41 9
63 42 3
63 43 8
63 44 3
63 45 5
63 46 0
63 47 3
63 48 6
63 49 6
63 50 8
63 51 8
63 52 8
63 53 4
63 54 0
63 55 0
63 56 9
63 57 1
63 58 6
63 59 1
63 60 0
63 61 6
63 62 9
63 63 5
63 64 7
63 65 1
63 66 4
63 67 5
63 68 0
63 69 6
63 70 5
63 71 3
63 72 8
63 73 4
63 74 4
63 75 8
63 76 1
63 77 9
63 78 4
63 79 9
63 80 2
63 81 5
63 82 4
63 83 2
63 84 6
63 85 6
63 86 6
63 87 9
63 88 9
63 89 6
63 90 0
63 91 0
63 92 7
63 93 7
63 94 5
63 95 2
63 96 7
63 97 5
63 98 4
63 99 2
64 0 0
64 1 1
64 2 7
64 3 3
64 4 1
64 5 2
64 6 6
64 7 2
64 8 2
64 9 4
64 10 3
64 11 3
64 12 7
64 13 9
64 14 1
64 15 8
64 16 6
64 17 9
64 18 0
64 19 4
64 20 9
64 21 7
64 22 6
64 23 8
64 24 3
64 25 0
64 26 8
64 27 3
64 28 6
64 29 7
64 30 0
64 31 0
64 32 4
64 33 0
64 34 4
64 35 0
64 36 2
64 37 0
64 38 8
64 39 8
64 40 3
64 41 1
64 42 0
64 43 3
64 44 3
64 45 2
64 46 5
64 47 0
64 48 9
64 49 9
64 50 5
64 51 4
64 52 7
64 53 7
64 54 5
64 55 3
64 56 7
64 57 8
64 58 0
64 59 0
64 60 6
64 61 5
64 62 3
64 63 0
64 64 1
64 65 1
64 66 4
64 67 0
64 68 3
64 69 9
64 70 2
64 71 6
64 72 5
64 73 1
64 74 2
64 75 9
64 76 5
64 77 5
64 78 1
64 79 1
64 80 9
64 81 6
64 82 3
64 83 1
64 84 7
64 85 9
64 86 9
64 87 7
64 88 4
64 89 7
64 90 9
64 91 2
64 92 3
64 93 0
64 94 7
64 95 1
64 96 9
64 97 7
64 98 2
64 99 2
65 0 4
65 1 9
65 2 3
65 3 8
65 4 9
65 5 5
65 6 1
65 7 6
65 8 7
65 9 5
65 10 9
65 11 3
65 12 4
65 13 1
65 14 9
65 15 4
65 16 8
65 17 2
65 18 0
65 19 8
65 20 9
65 21 8
65 22 4
65 23 6
65 24 4
65 25 8
65 26 0
65 27 6
65 28 2
65 29 6
65 30 0
65 31 2
65 32 7
65 33 0
65 34 3
65 35 2
65 36 1
65 37 7
65 38 6
65 39 7
65 40 7
65 41 1
65 42 9
65 43 2
65 44 1
65 45 5
65 46 5
65 47 1
65 48 0
65 49 5
65 50 6
65 51 4
65 52 4
65 53 2
65 54 0
65 55 9
65 56 2
65 57 8
65 58 6
65 59 1
65 60 7
65 61 3
65 62 7
65 63 2
65 64 4
65 65 7
65 66 6
65 67 3
65 68 1
65 69 6
65 70 5
65 71 9
65 72 5
65 73 2
65 74 4
65 75 8
65 76 4
65 77 7
65 78 8
65 79 6
65 80 9
65 81 2
65 82 5
65 83 4
65 84 3
65 85 0
65 86 5
65 87 8
65 88 1
65 89 8
65 90 8
65 91 7
65 92 5
65 93 3
65 94 8
65 95 9
65 96 0
65 97 0
65 98 6
65 99 5
66 0 0
66 1 8
66 2 0
66 3 0
66 4 8
66 5 8
66 6 2
66 7 7
66 8 5
66 9 2
66 10 5
66 11 2
66 12 4
66 13 3
66 14 2
66 15 5
66 16 1
66 17 0
66 18 5
66 19 7
66 20 5
66 21 7
66 22 6
66 23 9
66 24 0
66 25 1
66 26 7
66 27 9
66 28 9
66 29 7
66 30 6
66 31 9
66 32 3
66 33 1
66 34 0
66 35 3
66 36 0
66 37 7
66 38 1
66 39 9
66 40 3
66 41 7
66 42 0
66 43 1
66 44 6
66 45 7
66 46 6
66 47 7
66 48 0
66 49 0
66 50 4
66 51 1
66 52 5
66 53 3
66 54 0
66 55 9
66 56 2
66 57 5
66 58 6
66 59 9
66 60 6
66 61 1
66 62 7
66 63 3
66 64 9
66 65 2
66 66 7
66 67 2
66 68 1
66 69 6
66 70 7
66 71 6
66 72 1
66 73 5
66 74 6
66 75 7
66 76 8
66 77 5
66 78 1
66 79 7
66 80 9
66 81 1
66 82 6
66 83 8
66 84 3
66 85 7
66 86 7
66 87 6
66 88 8
66 89 5
66 90 7
66 91 9
66 92 0
66 93 2
66 94 5
66 95 1
66 96 8
66 97 9
66 98 5
66 99 6
67 0 8
67 1 6
67 2 5
67 3 6
67 4 3
67 5 3
67 6 1
67 7 5
67 8 1
67 9 8
67 10 3
67 11 9
67 12 3
67 13 3
67 14 3
67 15 0
67 16 4
67 17 8
67 18 2
67 19 7
67 20 3
67 21 1
67 22 3
67 23 0
67 24 9
67 25 2
67 26 3
67 27 1
67 28 4
67 29 8
67 30 2
67 31 3
67 32 0
67 33 8
67 34 8
67 35 9
67 36 5
67 37 3
67 38 9
67 39 4
67 40 8
67 41 6
67 42 9
67 43 3
67 44 3
67 45 0
67 46 9
67 47 7
67 48 0
67 49 1
67 50 9
67 51 1
67 52 6
67 53 7
67 54 2
67 55 1
67 56 6
67 57 7
67 58 6
67 59 7
67 60 9
67 61 5
67 62 2
67 63 1
67 64 9
67 65 1
67 66 1
67 67 9
67 68 3
67 69 3
67 70 3
67 71 7
67 72 5
67 73 0
67 74 3
67 75 5
67 76 7
67 77 0
67 78 2
67 79 3
67 80 4
67 81 4
67 82 5
67 83 2
67 84 2
67 85 2
67 86 0
67 87 7
67 88 0
67 89 0
67 90 4
67 91 2
67 92 8
67 93 6
67 94 2
67 95 0
67 96 6
67 97 8
67 98 7
67 99 4
68 0 4
68 1 8
68 2 4
68 3 4
68 4 1
68 5 8
68 6 0
68 7 8
68 8 5
68 9 9
68 10 6
68 11 0
68 12 7
68 13 7
68 14 2
68 15 1
68 16 0
68 17 7
68 18 8
68 19 3
68 20 0
68 21 7
68 22 6
68 23 6
68 24 0
68 25 6
68 26 1
68 27 2
68 28 2
68 29 2
68 30 8
68 31 9
68 32 0
68 33 0
68 34 5
68 35 4
68 36 1
68 37 0
68 38 4
68 39 6
68 40 1
68 41 4
68 42 5
68 43 1
68 44 0
68 45 1
68 46 2
68 47 5
68 48 8
68 49 7
68 50 7
68 51 3
68 52 8
68 53 5
68 54 6
68 55 5
68 56 8
68 57 0
68 58 0
68 59 2
68 60 1
68 61 9
68 62 0
68 63 2
68 64 5
68 65 7
68 66 3
68 67 9
68 68 7
68 69 8
68 70 3
68 71 7
68 72 0
68 73 7
68 74 2
68 75 6
68 76 8
68 77 1
68 78 1
68 79 2
68 80 8
68 81 2
68 82 0
68 83 6
68 84 6
68 85 4
68 86 0
68 87 2
68 88 8
68 89 0
68 90 0
68 91 6
68 92 7
68 93 5
68 94 3
68 95 1
68 96 4
68 97 8
68 98 8
68 99 0
69 0 0
69 1 2
69 2 8
69 3 1
69 4 4
69 5 9
69 6 9
69 7 9
69 8 9
69 9 0
69 10 3
69 11 4
69 12 6
69 13 8
69 14 6
69 15 9
69 16 2
69 17 7
69 18 2
69 19 2
69 20 6
69 21 2
69 22 0
69 23 1
69 24 2
69 25 8
69 26 7
69 27 6
69 28 2
69 29 5
69 30 2
69 31 9
69 32 7
69 33 7
69 34 0
69 35 1
69 36 0
69 37 2
69 38 6
69 39 3
69 40 2
69 41 8
69 42 1
69 43 0
69 44 2
69 45 9
69 46 5
69 47 6
69 48 5
69 49 2
69 50 2
69 51 7
69 52 1
69 53 2
69 54 6
69 55 9
69 56 4
69 57 9
69 58 3
69 59 0
69 60 4
69 61 7
69 62 0
69 63 1
69 64 3
69 65 7
69 66 8
69 67 8
69 68 6
69 69 9
69 70 3
69 71 9
69 72 8
69 73 2
69 74 1
69 75 3
69 76 4
69 77 3
69 78 5
69 79 6
69 80 3
69 81 3
69 82 7
69 83 6
69 84 1
69 85 7
69 86 2
69 87 8
69 88 4
69 89 4
69 90 3
69 91 7
69 92 4
69 93 2
69 94 3
69 95 5
69 96 5
69 97 1
69 98 3
69 99 2
70 0 3
70 1 5
70 2 8
70 3 4
70 4 7
70 5 0
70 6 0
70 7 5
70 8 3
70 9 2
70 10 4
70 11 7
70 12 3
70 13 7
70 14 7
70 15 9
70 16 1
70 17 9
70 18 2
70 19 2
70 20 1
70 21 5
70 22 2
70 23 9
70 24 8
70 25 0
70 26 9
70 27 4
70 28 6
70 29 6
70 30 7
70 31 4
70 32 8
70 33 8
70 34 7
70 35 1
70 36 4
70 37 3
70 38 8
70 39 5
70 40 2
70 41 1
70 42 2
70 43 9
70 44 9
70 45 2
70 46 9
70 47 5
70 48 0
70 49 2
70 50 1
70 51 3
70 52 7
70 53 1
70 54 6
70 55 6
70 56 9
70 57 0
70 58 9
70 59 8
70 60 0
70 61 2
70 62 3
70 63 4
70 64 5
70 65 1
70 66 9
70 67 9
70 68 8
70 69 6
70 70 4
70 71 2
70 72 0
70 73 2
70 74 9
70 75 7
70 76 4
70 77 8
70 78 4
70 79 6
70 80 6
70 81 7
70 82 7
70 83 7
70 84 2
70 85 3
70 86 3
70 87 0
70 88 2
70 89 4
70 90 8
70 91 8
70 92 5
70 93 8
70 94 9
70 95 3
70 96 4
70 97 0
70 98 4
70 99 4
71 0 3
71 1 4
71 2 9
71 3 2
71 4 1
71 5 2
71 6 9
71 7 3
71 8 7
71 9 3
71 10 8
71 11 9
71 12 6
71 13 4
71 14 9
71 15 4
71 16 4
71 17 9
71 18 5
71 19 0
71 20 8
71 21 1
71 22 3
71 23 7
71 24 6
71 25 3
71 26 3
71 27 2
71 28 6
71 29 5
71 30 1
71 31 2
71 32 4
71 33 2
71 34 0
71 35 9
71 36 3
71 37 0
71 38 5
71 39 6
71 40 7
71 41 1
71 42 1
71 43 6
71 44 8
71 45 8
71 46 4
71 47 6
71 48 9
71 49 4
71 50 4
71 51 8
71 52 1
71 53 8
71 54 7
71 55 7
71 56 9
71 57 7
71 58 5
71 59 7
71 60 4
71 61 3
71 62 5
71 63 9
71 64 6
71 65 2
71 66 4
71 67 9
71 68 4
71 69 3
71 70 8
71 71 2
71 72 8
71 73 1
71 74 5
71 75 9
71 76 0
71 77 0
71 78 2
71 79 1
71 80 3
71 81 9
71 82 0
71 83 7
71 84 7
71 85 9
71 86 1
71 87 3
71 88 9
71 89 5
71 90 1
71 91 8
71 92 4
71 93 3
71 94 4
71 95 7
71 96 9
71 97 5
71 98 1
71 99 4
72 0 8
72 1 1
72 2 5
72 3 5
72 4 0
72 5 8
72 6 1
72 7 2
72 8 0
72 9 9
72 10 2
72 11 2
72 12 9
72 13 0
72 14 9
72 15 4
72 16 1
72 17 8
72 18 1
72 19 3
72 20 4
72 21 6
72 22 6
72 23 7
72 24 5
72 25 0
72 26 9
72 27 9
72 28 2
72 29 1
72 30 4
72 31 4
72 32 2
72 33 1
72 34 9
72 35 2
72 36 2
72 37 3
72 38 3
72 39 0
72 40 6
72 41 2
72 42 8
72 43 9
72 44 4
72 45 8
72 46 0
72 47 3
72 48 4
72 49 4
72 50 7
72 51 6
72 52 4
72 53 2
72 54 7
72 55 9
72 56 5
72 57 4
72 58 6
72 59 1
72 60 0
72 61 3
72 62 0
72 63 1
72 64 7
72 65 1
72 66 4
72 67 5
72 68 1
72 69 7
72 70 9
72 71 8
72 72 9
72 73 3
72 74 0
72 75 5
72 76 4
72 77 4
72 78 6
72 79 8
72 80 9
72 81 9
72 82 9
72 83 2
72 84 7
72 85 9
72 86 7
72 87 0
72 88 9
72 89 5
72 90 3
72 91 1
72 92 7
72 93 7
72 94 2
72 95 7
72 96 5
72 97 3
72 98 3
72 99 3
73 0 2
73 1 7
73 2 0
73 3 9
73 4 4
73 5 6
73 6 0
73 7 5
73 8 9
73 9 7
73 10 6
73 11 1
73 12 2
73 13 0
73 14 4
73 15 3
73 16 3
73 17 1
73 18 1
73 19 9
73 20 3
73 21 0
73 22 4
73 23 6
73 24 8
73 25 6
73 26 3
73 27 8
73 28 0
73 29 3
73 30 3
73 31 3
73 32 3
73 33 1
73 34 8
73 35 6
73 36 5
73 37 0
73 38 2
73 39 7
73 40 8
73 41 9
73 42 8
73 43 3
73 44 2
73 45 2
73 46 1
73 47 4
73 48 3
73 49 1
73 50 2
73 51 1
73 52 5
73 53 5
73 54 2
73 55 8
73 56 9
73 57 6
73 58 3
73 59 8
73 60 1
73 61 4
73 62 9
73 63 8
73 64 5
73 65 6
73 66 6
73 67 4
73 68 6
73 69 5
73 70 1
73 71 3
73 72 0
73 73 9
73 74 3
73 75 3
73 76 0
73 77 0
73 78 3
73 79 2
73 80 1
73 81 5
73 82 5
73 83 2
73 84 1
73 85 0
73 86 0
73 87 2
73 88 5
73 89 1
73 90 5
73 91 2
73 92 9
73 93 4
73 94 1
73 95 1
73 96 5
73 97 0
73 98 1
73 99 3
74 0 2
74 1 4
74 2 1
74 3 8
74 4 1
74 5 8
74 6 9
74 7 7
74 8 2
74 9 2
74 10 5
74 11 6
74 12 1
74 13 0
74 14 7
74 15 6
74 16 0
74 17 3
74 18 6
74 19 1
74 20 3
74 21 6
74 22 0
74 23 2
74 24 5
74 25 7
74 26 1
74 27 8
74 28 3
74 29 5
74 30 6
74 31 7
74 32 8
74 33 2
74 34 5
74 35 5
74 36 9
74 37 2
74 38 7
74 39 1
74 40 3
74 41 5
74 42 2
74 43 4
74 44 8
74 45 2
74 46 9
74 47 4
74 48 4
74 49 0
74 50 1
74 51 6
74 52 3
74 53 8
74 54 1
74 55 4
74 56 3
74 57 2
74 58 4
74 59 8
74 60 4
74 61 0
74 62 3
74 63 7
74 64 2
74 65 4
74 66 0
74 67 8
74 68 0
74 69 5
74 70 4
74 71 6
74 72 3
74 73 2
74 74 3
74 75 9
74 76 0
74 77 9
74 78 5
74 79 2
74 80 3
74 81 5
74 82 0
74 83 9
74 84 1
74 85 1
74 86 7
74 87 3
74 88 8
74 89 8
74 90 2
74 91 1
74 92 6
74 93 6
74 94 3
74 95 3
74 96 4
74 97 4
74 98 5
74 99 3
75 0 8
75 1 8
75 2 6
75 3 2
75 4 1
75 5 5
75 6 3
75 7 9
75 8 8
75 9 8
75 10 4
75 11 1
75 12 5
75 13 4
75 14 0
75 15 6
75 16 5
75 17 6
75 18 4
75 19 2
75 20 0
75 21 1
75 22 5
75 23 1
75 24 5
75 25 0
75 26 0
75 27 4
75 28 7
75 29 9
75 30 4
75 31 5
75 32 8
75 33 3
75 34 2
75 35 2
75 36 2
75 37 3
75 38 3
75 39 9
75 40 1
75 41 8
75 42 1
75 43 8
75 44 5
75 45 4
75 46 2
75 47 2
75 48 5
75 49 9
75 50 4
75 51 9
75 52 6
75 53 5
75 54 7
75 55 4
75 56 8
75 57 1
75 58 4
75 59 4
75 60 3
75 61 6
75 62 4
75 63 8
75 64 3
75 65 0
75 66 9
75 67 3
75 68 5
75 69 5
75 70 5
75 71 7
75 72 3
75 73 0
75 74 5
75 75 5
75 76 9
75 77 6
75 78 2
75 79 8
75 80 1
75 81 4
75 82 6
75 83 8
75 84 4
75 85 1
75 86 8
75 87 9
75 88 3
75 89 6
75 90 8
75 91 5
75 92 2
75 93 6
75 94 3
75 95 1
75 96 4
75 97 5
75 98 8
75 99 8
76 0 2
76 1 9
76 2 8
76 3 6
76 4 0
76 5 3
76 6 9
76 7 2
76 8 7
76 9 2
76 10 5
76 11 2
76 12 0
76 13 8
76 14 1
76 15 8
76 16 6
76 17 1
76 18 7
76 19 6
76 20 4
76 21 0
76 22 0
76 23 9
76 24 8
76 25 0
76 26 2
76 27 5
76 28 2
76 29 5
76 30 3
76 31 8
76 32 3
76 33 1
76 34 0
76 35 1
76 36 3
76 37 6
76 38 7
76 39 2
76 40 5
76 41 4
76 42 6
76 43 4
76 44 2
76 45 1
76 46 2
76 47 4
76 48 6
76 49 9
76 50 5
76 51 1
76 52 0
76 53 2
76 54 2
76 55 0
76 56 7
76 57 2
76 58 6
76 59 8
76 60 8
76 61 7
76 62 8
76 63 8
76 64 2
76 65 1
76 66 5
76 67 7
76 68 8
76 69 2
76 70 0
76 71 2
76 72 1
76 73 4
76 74 3
76 75 4
76 76 7
76 77 2
76 78 9
76 79 1
76 80 4
76 81 6
76 82 5
76 83 7
76 84 5
76 85 4
76 86 7
76 87 6
76 88 7
76 89 8
76 90 5
76 91 2
76 92 6
76 93 7
76 94 2
76 95 8
76 96 9
76 97 6
76 98 3
76 99 3
77 0 1
77 1 4
77 2 0
77 3 7
77 4 3
77 5 8
77 6 0
77 7 0
77 8 3
77 9 7
77 10 8
77 11 2
77 12 1
77 13 2
77 14 6
77 15 9
77 16 2
77 17 2
77 18 5
77 19 7
77 20 7
77 21 1
77 22 8
77 23 6
77 24 7
77 25 8
77 26 5
77 27 6
77 28 3
77 29 9
77 30 2
77 31 0
77 32 6
77 33 2
77 34 1
77 35 0
77 36 7
77 37 1
77 38 2
77 39 9
77 40 1
77 41 9
77 42 0
77 43 8
77 44 2
77 45 4
77 46 9
77 47 4
77 48 3
77 49 8
77 50 3
77 51 5
77 52 9
77 53 2
77 54 7
77 55 4
77 56 2
77 57 6
77 58 3
77 59 3
77 60 3
77 61 8
77 62 2
77 63 5
77 64 4
77 65 1
77 66 7
77 67 1
77 68 6
77 69 2
77 70 7
77 71 6
77 72 7
77 73 9
77 74 9
77 75 4
77 76 0
77 77 7
77 78 8
77 79 2
77 80 4
77 81 8
77 82 7
77 83 2
77 84 1
77 85 6
77 86 9
77 87 9
77 88 6
77 89 4
77 90 0
77 91 5
77 92 8
77 93 3
77 94 0
77 95 1
77 96 7
77 97 4
77 98 9
77 99 2
78 0 6
78 1 4
78 2 6
78 3 5
78 4 0
78 5 5
78 6 6
78 7 3
78 8 7
78 9 1
78 10 5
78 11 6
78 12 8
78 13 9
78 14 8
78 15 7
78 16 5
78 17 6
78 18 5
78 19 2
78 20 9
78 21 1
78 22 1
78 23 3
78 24 9
78 25 6
78 26 4
78 27 8
78 28 7
78 29 6
78 30 7
78 31 8
78 32 4
78 33 8
78 34 5
78 35 2
78 36 1
78 37 6
78 38 0
78 39 6
78 40 4
78 41 4
78 42 5
78 43 3
78 44 2
78 45 9
78 46 5
78 47 4
78 48 4
78 49 9
78 50 5
78 51 0
78 52 5
78 53 8
78 54 8
78 55 9
78 56 5
78 57 4
78 58 9
78 59 8
78 60 3
78 61 2
78 62 1
78 63 0
78 64 2
78 65 2
78 66 0
78 67 6
78 68 6
78 69 4
78 70 5
78 71 0
78 72 4
78 73 4
78 74 2
78 75 2
78 76 1
78 77 2
78 78 1
78 79 8
78 80 8
78 81 0
78 82 2
78 83 5
78 84 3
78 85 2
78 86 6
78 87 7
78 88 5
78 89 5
78 90 8
78 91 8
78 92 0
78 93 7
78 94 1
78 95 2
78 96 1
78 97 7
78 98 4
78 99 5
79 0 7
79 1 7
79 2 1
79 3 8
79 4 9
79 5 9
79 6 2
79 7 6
79 8 7
79 9 3
79 10 0
79 11 7
79 12 1
79 13 7
79 14 4
79 15 1
79 16 0
79 17 0
79 18 3
79 19 3
79 20 0
79 21 7
79 22 1
79 23 4
79 24 0
79 25 6
79 26 1
79 27 4
79 28 9
79 29 7
79 30 8
79 31 9
79 32 7
79 33 2
79 34 5
79 35 4
79 36 0
79 37 1
79 38 6
79 39 8
79 40 6
79 41 7
79 42 3
79 43 9
79 44 8
79 45 8
79 46 3
79 47 3
79 48 9
79 49 1
79 50 4
79 51 0
79 52 4
79 53 5
79 54 2
79 55 5
79 56 2
79 57 0
79 58 2
79 59 0
79 60 5
79 61 7
79 62 1
79 63 3
79 64 0
79 65 6
79 66 2
79 67 5
79 68 2
79 69 8
79 70 4
79 71 1
79 72 3
79 73 8
79 74 7
79 75 3
79 76 3
79 77 9
79 78 8
79 79 6
79 80 0
79 81 2
79 82 8
79 83 0
79 84 9
79 85 9
79 86 4
79 87 5
79 88 8
79 89 4
79 90 7
79 91 3
79 92 3
79 93 4
79 94 0
79 95 0
79 96 8
79 97 5
79 98 6
79 99 0
80 0 6
80 1 4
80 2 4
80 3 2
80 4 6
80 5 6
80 6 3
80 7 7
80 8 8
80 9 1
80 10 4
80 11 9
80 12 6
80 13 2
80 14 2
80 15 1
80 16 6
80 17 6
80 18 1
80 19 2
80 20 6
80 21 4
80 22 5
80 23 6
80 24 4
80 25 0
80 26 0
80 27 9
80 28 6
80 29 2
80 30 7
80 31 1
80 32 0
80 33 0
80 34 3
80 35 2
80 36 5
80 37 7
80 38 6
80 39 8
80 40 5
80 41 1
80 42 9
80 43 0
80 44 1
80 45 5
80 46 4
80 47 1
80 48 6
80 49 8
80 50 7
80 51 4
80 52 5
80 53 1
80 54 7
80 55 6
80 56 8
80 57 1
80 58 3
80 59 9
80 60 8
80 61 3
80 62 1
80 63 7
80 64 6
80 65 2
80 66 9
80 67 3
80 68 0
80 69 8
80 70 6
80 71 9
80 72 5
80 73 9
80 74 5
80 75 7
80 76 9
80 77 6
80 78 3
80 79 5
80 80 8
80 81 5
80 82 0
80 83 3
80 84 0
80 85 6
80 86 3
80 87 9
80 88 9
80 89 9
80 90 1
80 91 4
80 92 4
80 93 1
80 94 6
80 95 0
80 96 7
80 97 9
80 98 8
80 99 4
81 0 7
81 1 3
81 2 8
81 3 2
81 4 0
81 5 3
81 6 2
81 7 4
81 8 6
81 9 8
81 10 0
81 11 3
81 12 8
81 13 5
81 14 3
81 15 4
81 16 8
81 17 6
81 18 0
81 19 5
81 20 8
81 21 3
81 22 0
81 23 0
81 24 7
81 25 0
81 26 0
81 27 0
81 28 6
81 29 6
81 30 2
81 31 3
81 32 9
81 33 9
81 34 6
81 35 1
81 36 5
81 37 4
81 38 3
81 39 8
81 40 8
81 41 9
81 42 9
81 43 5
81 44 1
81 45 2
81 46 8
81 47 9
81 48 6
81 49 2
81 50 1
81 51 5
81 52 2
81 53 3
81 54 9
81 55 1
81 56 4
81 57 6
81 58 4
81 59 5
81 60 1
81 61 2
81 62 6
81 63 7
81 64 6
81 65 8
81 66 5
81 67 1
81 68 3
81 69 7
81 70 9
81 71 2
81 72 3
81 73 0
81 74 0
81 75 4
81 76 1
81 77 4
81 78 3
81 79 6
81 80 9
81 81 6
81 82 1
81 83 6
81 84 3
81 85 3
81 86 7
81 87 4
81 88 3
81 89 0
81 90 1
81 91 9
81 92 9
81 93 3
81 94 8
81 95 0
81 96 6
81 97 1
81 98 4
81 99 2
82 0 9
82 1 7
82 2 9
82 3 7
82 4 6
82 5 6
82 6 5
82 7 3
82 8 9
82 9 0
82 10 1
82 11 1
82 12 9
82 13 9
82 14 0
82 15 2
82 16 3
82 17 5
82 18 2
82 19 4
82 20 3
82 21 0
82 22 6
82 23 2
82 24 2
82 25 4
82 26 7
82 27 6
82 28 5
82 29 6
82 30 2
82 31 9
82 32 2
82 33 4
82 34 4
82 35 9
82 36 0
82 37 0
82 38 7
82 39 7
82 40 5
82 41 7
82 42 2
82 43 1
82 44 2
82 45 3
82 46 5
82 47 9
82 48 1
82 49 4
82 50 7
82 51 9
82 52 8
82 53 0
82 54 2
82 55 4
82 56 2
82 57 4
82 58 8
82 59 7
82 60 4
82 61 0
82 62 3
82 63 4
82 64 5
82 65 4
82 66 7
82 67 1
82 68 9
82 69 2
82 70 3
82 71 3
82 72 3
82 73 5
82 74 8
82 75 2
82 76 4
82 77 2
82 78 9
82 79 8
82 80 3
82 81 8
82 82 4
82 83 0
82 84 9
82 85 9
82 86 1
82 87 9
82 88 0
82 89 8
82 90 7
82 91 6
82 92 7
82 93 5
82 94 1
82 95 8
82 96 0
82 97 6
82 98 6
82 99 5
83 0 5
83 1 3
83 2 2
83 3 4
83 4 9
83 5 1
83 6 0
83 7 6
83 8 9
83 9 5
83 10 2
83 11 3
83 12 3
83 13 8
83 14 1
83 15 2
83 16 2
83 17 1
83 18 6
83 19 2
83 20 8
83 21 4
83 22 7
83 23 8
83 24 8
83 25 1
83 26 2
83 27 3
83 28 2
83 29 5
83 30 2
83 31 3
83 32 4
83 33 2
83 34 8
83 35 0
83 36 1
83 37 7
83 38 4
83 39 0
83 40 0
83 41 4
83 42 3
83 43 3
83 44 8
83 45 1
83 46 9
83 47 2
83 48 6
83 49 1
83 50 1
83 51 3
83 52 8
83 53 8
83 54 4
83 55 7
83 56 9
83 57 9
83 58 4
83 59 0
83 60 5
83 61 7
83 62 4
83 63 2
83 64 2
83 65 5
83 66 6
83 67 3
83 68 1
83 69 6
83 70 8
83 71 8
83 72 2
83 73 7
83 74 2
83 75 3
83 76 8
83 77 0
83 78 6
83 79 2
83 80 8
83 81 3
83 82 3
83 83 4
83 84 9
83 85 1
83 86 3
83 87 4
83 88 9
83 89 2
83 90 4
83 91 1
83 92 6
83 93 8
83 94 5
83 95 8
83 96 0
83 97 5
83 98 0
83 99 3
84 0 8
84 1 9
84 2 3
84 3 7
84 4 3
84 5 9
84 6 5
84 7 1
84 8 2
84 9 7
84 10 2
84 11 9
84 12 6
84 13 7
84 14 6
84 15 6
84 16 8
84 17 6
84 18 0
84 19 2
84 20 6
84 21 6
84 22 1
84 23 3
84 24 4
84 25 0
84 26 1
84 27 6
84 28 7
84 29 1
84 30 9
84 31 3
84 32 8
84 33 7
84 34 2
84 35 5
84 36 7
84 37 9
84 38 4
84 39 6
84 40 7
84 41 9
84 42 9
84 43 8
84 44 4
84 45 0
84 46 7
84 47 2
84 48 3
84 49 8
84 50 4
84 51 9
84 52 8
84 53 9
84 54 1
84 55 0
84 56 2
84 57 8
84 58 1
84 59 4
84 60 4
84 61 5
84 62 8
84 63 0
84 64 3
84 65 6
84 66 5
84 67 3
84 68 8
84 69 2
84 70 8
84 71 5
84 72 5
84 73 8
84 74 0
84 75 8
84 76 5
84 77 7
84 78 6
84 79 8
84 80 1
84 81 2
84 82 6
84 83 6
84 84 9
84 85 4
84 86 7
84 87 4
84 88 4
84 89 0
84 90 5
84 91 2
84 92 8
84 93 2
84 94 5
84 95 3
84 96 3
84 97 6
84 98 7
84 99 8
85 0 7
85 1 4
85 2 6
85 3 1
85 4 5
85 5 0
85 6 4
85 7 6
85 8 0
85 9 8
85 10 6
85 11 2
85 12 5
85 13 3
85 14 2
85 15 9
85 16 1
85 17 1
85 18 0
85 19 9
85 20 9
85 21 0
85 22 3
85 23 5
85 24 2
85 25 1
85 26 4
85 27 1
85 28 9
85 29 9
85 30 8
85 31 3
85 32 2
85 33 2
85 34 3
85 35 2
85 36 2
85 37 2
85 38 9
85 39 6
85 40 5
85 41 5
85 42 0
85 43 9
85 44 4
85 45 6
85 46 7
85 47 8
85 48 0
85 49 1
85 50 4
85 51 7
85 52 9
85 53 2
85 54 0
85 55 5
85 56 3
85 57 9
85 58 5
85 59 8
85 60 7
85 61 6
85 62 1
85 63 0
85 64 2
85 65 4
85 66 6
85 67 7
85 68 7
85 69 5
85 70 7
85 71 4
85 72 8
85 73 2
85 74 2
85 75 6
85 76 2
85 77 4
85 78 7
85 79 4
85 80 4
85 81 7
85 82 6
85 83 0
85 84 3
85 85 9
85 86 4
85 87 7
85 88 9
85 89 8
85 90 1
85 91 0
85 92 6
85 93 8
85 94 1
85 95 5
85 96 4
85 97 0
85 98 0
85 99 9
86 0 1
86 1 2
86 2 3
86 3 1
86 4 3
86 5 9
86 6 3
86 7 3
86 8 5
86 9 9
86 10 6
86 11 9
86 12 6
86 13 5
86 14 9
86 15 5
86 16 3
86 17 0
86 18 2
86 19 4
86 20 2
86 21 3
86 22 4
86 23 5
86 24 4
86 25 7
86 26 8
86 27 2
86 28 3
86 29 8
86 30 7
86 31 2
86 32 1
86 33 4
86 34 1
86 35 0
86 36 1
86 37 3
86 38 7
86 39 6
86 40 9
86 41 6
86 42 0
86 43 2
86 44 3
86 45 5
86 46 5
86 47 6
86 48 4
86 49 5
86 50 3
86 51 8
86 52 6
86 53 4
86 54 0
86 55 7
86 56 2
86 57 8
86 58 1
86 59 8
86 60 3
86 61 6
86 62 3
86 63 4
86 64 4
86 65 8
86 66 3
86 67 4
86 68 7
86 69 2
86 70 8
86 71 4
86 72 3
86 73 4
86 74 3
86 75 1
86 76 7
86 77 7
86 78 3
86 79 6
86 80 1
86 81 0
86 82 9
86 83 5
86 84 0
86 85 0
86 86 2
86 87 7
86 88 7
86 89 5
86 90 4
86 91 0
86 92 7
86 93 3
86 94 9
86 95 8
86 96 3
86 97 7
86 98 7
86 99 9
87 0 1
87 1 1
87 2 6
87 3 0
87 4 0
87 5 8
87 6 7
87 7 5
87 8 3
87 9 3
87 10 0
87 11 7
87 12 6
87 13 0
87 14 8
87 15 2
87 16 1
87 17 4
87 18 1
87 19 6
87 20 9
87 21 7
87 22 5
87 23 2
87 24 9
87 25 5
87 26 7
87 27 6
87 28 4
87 29 7
87 30 9
87 31 1
87 32 7
87 33 4
87 34 4
87 35 3
87 36 6
87 37 9
87 38 8
87 39 3
87 40 3
87 41 4
87 42 0
87 43 1
87 44 3
87 45 8
87 46 2
87 47 6
87 48 6
87 49 6
87 50 1
87 51 7
87 52 8
87 53 5
87 54 9
87 55 2
87 56 2
87 57 9
87 58 8
87 59 3
87 60 0
87 61 7
87 62 0
87 63 7
87 64 2
87 65 5
87 66 3
87 67 8
87 68 6
87 69 9
87 70 5
87 71 8
87 72 8
87 73 4
87 74 2
87 75 5
87 76 5
87 77 5
87 78 9
87 79 4
87 80 5
87 81 8
87 82 1
87 83 4
87 84 9
87 85 2
87 86 4
87 87 4
87 88 3
87 89 5
87 90 4
87 91 0
87 92 6
87 93 8
87 94 4
87 95 1
87 96 5
87 97 7
87 98 3
87 99 7
88 0 5
88 1 7
88 2 8
88 3 1
88 4 4
88 5 6
88 6 5
88 7 0
88 8 4
88 9 7
88 10 0
88 11 6
88 12 0
88 13 5
88 14 6
88 15 4
88 16 3
88 17 0
88 18 3
88 19 2
88 20 6
88 21 8
88 22 3
88 23 9
88 24 5
88 25 9
88 26 4
88 27 2
88 28 2
88 29 0
88 30 2
88 31 0
88 32 3
88 33 3
88 34 5
88 35 4
88 36 9
88 37 3
88 38 0
88 39 3
88 40 0
88 41 4
88 42 8
88 43 0
88 44 6
88 45 7
88 46 3
88 47 4
88 48 4
88 49 8
88 50 8
88 51 5
88 52 2
88 53 1
88 54 9
88 55 3
88 56 6
88 57 9
88 58 7
88 59 7
88 60 3
88 61 9
88 62 2
88 63 0
88 64 3
88 65 0
88 66 4
88 67 7
88 68 0
88 69 4
88 70 7
88 71 7
88 72 9
88 73 5
88 74 4
88 75 7
88 76 2
88 77 8
88 78 2
88 79 1
88 80 1
88 81 8
88 82 9
88 83 9
88 84 0
88 85 4
88 86 7
88 87 6
88 88 1
88 89 5
88 90 2
88 91 2
88 92 9
88 93 1
88 94 5
88 95 4
88 96 3
88 97 9
88 98 4
88 99 0
89 0 4
89 1 1
89 2 6
89 3 9
89 4 7
89 5 4
89 6 3
89 7 4
89 8 3
89 9 0
89 10 7
89 11 4
89 12 5
89 13 9
89 14 0
89 15 4
89 16 0
89 17 3
89 18 1
89 19 1
89 20 6
89 21 5
89 22 2
89 23 2
89 24 3
89 25 3
89 26 1
89 27 6
89 28 5
89 29 8
89 30 4
89 31 3
89 32 0
89 33 4
89 34 1
89 35 1
89 36 0
89 37 6
89 38 3
89 39 3
89 40 5
89 41 4
89 42 4
89 43 1
89 44 1
89 45 7
89 46 6
89 47 2
89 48 3
89 49 1
89 50 6
89 51 7
89 52 5
89 53 9
89 54 5
89 55 5
89 56 7
89 57 2
89 58 1
89 59 8
89 60 3
89 61 5
89 62 5
89 63 5
89 64 5
89 65 9
89 66 0
89 67 6
89 68 7
89 69 1
89 70 2
89 71 9
89 72 7
89 73 1
89 74 6
89 75 2
89 76 9
89 77 1
89 78 9
89 79 1
89 80 1
89 81 3
89 82 8
89 83 7
89 84 0
89 85 1
89 86 2
89 87 8
89 88 2
89 89 5
89 90 1
89 91 1
89 92 1
89 93 0
89 94 8
89 95 6
89 96 9
89 97 8
89 98 5
89 99 8
90 0 0
90 1 4
90 2 1
90 3 8
90 4 8
90 5 3
90 6 7
90 7 2
90 8 1
90 9 1
90 10 6
90 11 1
90 12 4
90 13 6
90 14 8
90 15 8
90 16 0
90 17 8
90 18 5
90 19 2
90 20 3
90 21 8
90 22 7
90 23 2
90 24 2
90 25 6
90 26 2
90 27 4
90 28 0
90 29 3
90 30 2
90 31 4
90 32 5
90 33 3
90 34 0
90 35 1
90 36 2
90 37 3
90 38 9
90 39 3
90 40 1
90 41 2
90 42 7
90 43 3
90 44 1
90 45 2
90 46 5
90 47 6
90 48 6
90 49 4
90 50 7
90 51 2
90 52 9
90 53 5
90 54 5
90 55 2
90 56 7
90 57 0
90 58 1
90 59 0
90 60 1
90 61 4
90 62 3
90 63 1
90 64 1
90 65 5
90 66 3
90 67 0
90 68 1
90 69 6
90 70 4
90 71 7
90 72 0
90 73 0
90 74 6
90 75 6
90 76 6
90 77 7
90 78 9
90 79 4
90 80 4
90 81 6
90 82 4
90 83 3
90 84 2
90 85 0
90 86 3
90 87 0
90 88 2
90 89 0
90 90 3
90 91 0
90 92 9
90 93 3
90 94 9
90 95 1
90 96 9
90 97 1
90 98 7
90 99 9
91 0 1
91 1 1
91 2 5
91 3 5
91 4 4
91 5 6
91 6 7
91 7 4
91 8 2
91 9 3
91 10 9
91 11 2
91 12 3
91 13 3
91 14 5
91 15 3
91 16 5
91 17 0
91 18 5
91 19 1
91 20 2
91 21 4
91 22 9
91 23 6
91 24 2
91 25 9
91 26 7
91 27 1
91 28 7
91 29 2
91 30 7
91 31 9
91 32 1
91 33 6
91 34 5
91 35 7
91 36 1
91 37 3
91 38 1
91 39 9
91 40 3
91 41 3
91 42 8
91 43 3
91 44 8
91 45 8
91 46 7
91 47 6
91 48 9
91 49 2
91 50 5
91 51 8
91 52 7
91 53 2
91 54 7
91 55 3
91 56 7
91 57 8
91 58 6
91 59 7
91 60 8
91 61 4
91 62 0
91 63 6
91 64 7
91 65 8
91 66 7
91 67 0
91 68 2
91 69 1
91 70 5
91 71 9
91 72 0
91 73 3
91 74 5
91 75 4
91 76 1
91 77 0
91 78 3
91 79 7
91 80 0
91 81 7
91 82 2
91 83 5
91 84 9
91 85 4
91 86 0
91 87 5
91 88 6
91 89 2
91 90 8
91 91 2
91 92 0
91 93 8
91 94 6
91 95 4
91 96 0
91 97 5
91 98 5
91 99 0
92 0 0
92 1 6
92 2 2
92 3 0
92 4 1
92 5 3
92 6 0
92 7 5
92 8 5
92 9 2
92 10 6
92 11 3
92 12 2
92 13 5
92 14 3
92 15 4
92 16 1
92 17 6
92 18 6
92 19 4
92 20 9
92 21 4
92 22 2
92 23 2
92 24 3
92 25 4
92 26 9
92 27 4
92 28 2
92 29 3
92 30 8
92 31 3
92 32 7
92 33 5
92 34 7
92 35 8
92 36 3
92 37 4
92 38 9
92 39 4
92 40 7
92 41 7
92 42 1
92 43 2
92 44 5
92 45 1
92 46 6
92 47 1
92 48 4
92 49 7
92 50 0
92 51 7
92 52 9
92 53 1
92 54 7
92 55 9
92 56 9
92 57 5
92 58 9
92 59 6
92 60 7
92 61 7
92 62 8
92 63 6
92 64 2
92 65 9
92 66 5
92 67 2
92 68 4
92 69 2
92 70 0
92 71 0
92 72 1
92 73 2
92 74 3
92 75 7
92 76 5
92 77 8
92 78 8
92 79 8
92 80 6
92 81 8
92 82 9
92 83 5
92 84 1
92 85 8
92 86 5
92 87 9
92 88 5
92 89 5
92 90 8
92 91 9
92 92 3
92 93 0
92 94 0
92 95 3
92 96 0
92 97 5
92 98 8
92 99 9
93 0 1
93 1 6
93 2 8
93 3 1
93 4 9
93 5 9
93 6 4
93 7 3
93 8 9
93 9 9
93 10 3
93 11 0
93 12 5
93 13 1
93 14 8
93 15 7
93 16 2
93 17 1
93 18 5
93 19 3
93 20 4
93 21 7
93 22 4
93 23 0
93 24 4
93 25 7
93 26 9
93 27 6
93 28 3
93 29 0
93 30 8
93 31 6
93 32 7
93 33 7
93 34 7
93 35 9
93 36 0
93 37 5
93 38 9
93 39 4
93 40 5
93 41 0
93 42 5
93 43 5
93 44 7
93 45 1
93 46 4
93 47 2
93 48 8
93 49 7
93 50 1
93 51 7
93 52 4
93 53 7
93 54 4
93 55 1
93 56 8
93 57 5
93 58 5
93 59 1
93 60 8
93 61 6
93 62 2
93 63 9
93 64 6
93 65 6
93 66 4
93 67 1
93 68 2
93 69 4
93 70 5
93 71 5
93 72 8
93 73 0
93 74 8
93 75 7
93 76 9
93 77 2
93 78 9
93 79 1
93 80 4
93 81 7
93 82 4
93 83 8
93 84 6
93 85 1
93 86 5
93 87 9
93 88 8
93 89 8
93 90 8
93 91 3
93 92 0
93 93 5
93 94 7
93 95 6
93 96 1
93 97 4
93 98 0
93 99 6
94 0 0
94 1 7
94 2 0
94 3 8
94 4 4
94 5 1
94 6 8
94 7 5
94 8 2
94 9 6
94 10 9
94 11 5
94 12 7
94 13 5
94 14 6
94 15 2
94 16 8
94 17 7
94 18 5
94 19 8
94 20 7
94 21 8
94 22 4
94 23 3
94 24 7
94 25 8
94 26 1
94 27 4
94 28 7
94 29 0
94 30 7
94 31 1
94 32 9
94 33 7
94 34 4
94 35 3
94 36 5
94 37 0
94 38 8
94 39 9
94 40 5
94 41 8
94 42 6
94 43 4
94 44 8
94 45 7
94 46 9
94 47 7
94 48 5
94 49 9
94 50 5
94 51 9
94 52 9
94 53 4
94 54 7
94 55 7
94 56 6
94 57 5
94 58 4
94 59 2
94 60 5
94 61 6
94 62 8
94 63 0
94 64 2
94 65 2
94 66 7
94 67 0
94 68 2
94 69 4
94 70 2
94 71 9
94 72 9
94 73 6
94 74 7
94 75 0
94 76 9
94 77 7
94 78 2
94 79 5
94 80 1
94 81 9
94 82 9
94 83 3
94 84 6
94 85 4
94 86 3
94 87 8
94 88 4
94 89 4
94 90 4
94 91 3
94 92 6
94 93 9
94 94 7
94 95 7
94 96 6
94 97 8
94 98 6
94 99 0
95 0 0
95 1 8
95 2 6
95 3 5
95 4 9
95 5 0
95 6 7
95 7 5
95 8 6
95 9 1
95 10 7
95 11 1
95 12 4
95 13 1
95 14 8
95 15 6
95 16 7
95 17 3
95 18 1
95 19 3
95 20 2
95 21 8
95 22 9
95 23 9
95 24 3
95 25 7
95 26 9
95 27 0
95 28 1
95 29 6
95 30 9
95 31 8
95 32 6
95 33 6
95 34 9
95 35 5
95 36 8
95 37 1
95 38 9
95 39 1
95 40 5
95 41 7
95 42 8
95 43 0
95 44 8
95 45 7
95 46 5
95 47 0
95 48 4
95 49 1
95 50 6
95 51 7
95 52 5
95 53 3
95 54 4
95 55 8
95 56 9
95 57 3
95 58 2
95 59 8
95 60 6
95 61 9
95 62 9
95 63 7
95 64 6
95 65 3
95 66 8
95 67 9
95 68 6
95 69 4
95 70 9
95 71 3
95 72 0
95 73 3
95 74 6
95 75 1
95 76 0
95 77 1
95 78 6
95 79 8
95 80 5
95 81 8
95 82 4
95 83 4
95 84 6
95 85 8
95 86 6
95 87 7
95 88 6
95 89 2
95 90 1
95 91 9
95 92 4
95 93 5
95 94 7
95 95 2
95 96 9
95 97 0
95 98 2
95 99 0
96 0 0
96 1 9
96 2 8
96 3 3
96 4 1
96 5 5
96 6 8
96 7 9
96 8 4
96 9 7
96 10 0
96 11 4
96 12 5
96 13 8
96 14 1
96 15 3
96 16 6
96 17 0
96 18 2
96 19 3
96 20 4
96 21 0
96 22 9
96 23 7
96 24 6
96 25 9
96 26 8
96 27 6
96 28 1
96 29 1
96 30 4
96 31 4
96 32 7
96 33 1
96 34 1
96 35 8
96 36 8
96 37 6
96 38 3
96 39 1
96 40 0
96 41 7
96 42 1
96 43 2
96 44 4
96 45 4
96 46 1
96 47 4
96 48 0
96 49 4
96 50 3
96 51 9
96 52 6
96 53 7
96 54 4
96 55 1
96 56 7
96 57 1
96 58 5
96 59 5
96 60 3
96 61 7
96 62 9
96 63 7
96 64 4
96 65 8
96 66 5
96 67 9
96 68 8
96 69 2
96 70 1
96 71 0
96 72 1
96 73 5
96 74 8
96 75 2
96 76 2
96 77 0
96 78 1
96 79 6
96 80 8
96 81 1
96 82 0
96 83 3
96 84 8
96 85 1
96 86 1
96 87 3
96 88 5
96 89 3
96 90 7
96 91 5
96 92 5
96 93 2
96 94 3
96 95 8
96 96 0
96 97 2
96 98 5
96 99 9
97 0 9
97 1 7
97 2 5
97 3 8
97 4 7
97 5 3
97 6 1
97 7 0
97 8 5
97 9 7
97 10 6
97 11 7
97 12 1
97 13 2
97 14 4
97 15 7
97 16 2
97 17 6
97 18 2
97 19 2
97 20 9
97 21 9
97 22 9
97 23 1
97 24 9
97 25 5
97 26 4
97 27 2
97 28 7
97 29 5
97 30 2
97 31 8
97 32 1
97 33 0
97 34 9
97 35 1
97 36 4
97 37 6
97 38 2
97 39 4
97 40 1
97 41 6
97 42 3
97 43 3
97 44 9
97 45 7
97 46 4
97 47 8
97 48 1
97 49 9
97 50 6
97 51 1
97 52 4
97 53 4
97 54 3
97 55 4
97 56 2
97 57 3
97 58 6
97 59 1
97 60 6
97 61 5
97 62 9
97 63 0
97 64 2
97 65 6
97 66 7
97 67 4
97 68 1
97 69 1
97 70 1
97 71 7
97 72 6
97 73 0
97 74 8
97 75 9
97 76 2
97 77 7
97 78 2
97 79 0
97 80 2
97 81 5
97 82 5
97 83 1
97 84 5
97 85 2
97 86 7
97 87 1
97 88 0
97 89 6
97 90 7
97 91 5
97 92 2
97 93 2
97 94 3
97 95 9
97 96 0
97 97 3
97 98 5
97 99 0
98 0 2
98 1 6
98 2 0
98 3 7
98 4 8
98 5 4
98 6 4
98 7 9
98 8 5
98 9 7
98 10 3
98 11 7
98 12 3
98 13 0
98 14 8
98 15 6
98 16 6
98 17 5
98 18 5
98 19 8
98 20 4
98 21 2
98 22 4
98 23 4
98 24 5
98 25 9
98 26 1
98 27 2
98 28 9
98 29 2
98 30 1
98 31 6
98 32 3
98 33 4
98 34 2
98 35 6
98 36 3
98 37 8
98 38 8
98 39 1
98 40 5
98 41 2
98 42 5
98 43 0
98 44 8
98 45 1
98 46 7
98 47 1
98 48 1
98 49 1
98 50 6
98 51 3
98 52 5
98 53 1
98 54 2
98 55 5
98 56 0
98 57 4
98 58 5
98 59 2
98 60 4
98 61 9
98 62 7
98 63 9
98 64 3
98 65 1
98 66 3
98 67 4
98 68 7
98 69 8
98 70 6
98 71 8
98 72 4
98 73 9
98 74 5
98 75 2
98 76 7
98 77 9
98 78 4
98 79 2
98 80 4
98 81 2
98 82 0
98 83 1
98 84 6
98 85 6
98 86 7
98 87 0
98 88 3
98 89 7
98 90 8
98 91 9
98 92 0
98 93 6
98 94 3
98 95 1
98 96 1
98 97 1
98 98 7
98 99 7
99 0 9
99 1 7
99 2 9
99 3 1
99 4 7
99 5 4
99 6 9
99 7 9
99 8 0
99 9 8
99 10 7
99 11 1
99 12 8
99 13 7
99 14 4
99 15 2
99 16 0
99 17 8
99 18 5
99 19 9
99 20 7
99 21 2
99 22 3
99 23 8
99 24 8
99 25 3
99 26 1
99 27 1
99 28 9
99 29 7
99 30 9
99 31 8
99 32 1
99 33 6
99 34 8
99 35 7
99 36 8
99 37 8
99 38 2
99 39 7
99 40 0
99 41 5
99 42 5
99 43 6
99 44 0
99 45 3
99 46 3
99 47 6
99 48 0
99 49 3
99 50 1
99 51 8
99 52 4
99 53 5
99 54 0
99 55 4
99 56 2
99 57 4
99 58 8
99 59 5
99 60 4
99 61 8
99 62 6
99 63 9
99 64 0
99 65 8
99 66 0
99 67 2
99 68 1
99 69 3
99 70 0
99 71 2
99 72 9
99 73 2
99 74 4
99 75 6
99 76 4
99 77 2
99 78 6
99 79 3
99 80 9
99 81 5
99 82 8
99 83 4
99 84 2
99 85 2
99 86 4
99 87 3
99 88 2
99 89 6
99 90 3
99 91 8
99 92 8
99 93 8
99 94 7
99 95 2
99 96 0
99 97 4
99 98 2
99 99 6
4
3
0
9
1
8
2
7
4
1
0
7
8
7
2
2
2
4
5
1
3
9
3
5
5
1
9
4
7
5
5
7
7
0
6
0
4
9
1
4
3
2
5
3
9
4
9
8
8
4
2
8
1
9
0
7
1
1
0
9
0
6
5
9
9
4
8
3
8
8
9
9
3
5
2
9
7
4
8
3
0
4
9
4
3
7
8
2
4
7
0
4
7
1
0
0
6
7
8
9
